Time	Pass	Fail	Pwd Exp	Max	Avg	Total	Tput	Resp
07-14-16:27:00	0	0	0	0.000	0	0	0	0
07-14-16:28:00	0	0	0	0.000	0	0	0	0
07-14-16:29:00	0	0	0	0.000	0	0	0	0
07-14-16:30:00	0	0	0	0.000	0	0	0	0
07-14-16:31:00	0	0	0	0.000	0	0	0	0
07-14-16:32:00	0	0	0	0.000	0	0	0	0
07-14-16:33:00	0	0	0	0.000	0	0	0	0
07-14-16:34:00	0	0	0	0.000	0	0	0	0
07-14-16:35:00	0	0	0	0.000	0	0	0	0
07-14-16:36:00	0	0	0	0.000	0	0	0	0
07-14-16:37:00	0	0	0	0.000	0	0	0	0
07-14-16:38:00	0	0	0	0.000	0	0	0	0
07-14-16:39:00	0	0	0	0.000	0	0	0	0
07-14-16:40:00	0	0	0	0.000	0	0	0	0
07-14-16:41:00	0	0	0	0.000	0	0	0	0
07-14-16:42:00	0	0	0	0.000	0	0	0	0
07-14-16:43:00	0	0	0	0.000	0	0	0	0
07-14-16:44:00	0	0	0	0.000	0	0	0	0
07-14-16:45:00	1	0	0	0.015	0.015	0.015	0.017	0.015
07-14-16:46:00	0	0	0	0.015	0.015	0	0	0
07-14-16:47:00	0	0	0	0.015	0.015	0	0	0
07-14-16:48:00	0	0	0	0.015	0.015	0	0	0
07-14-16:49:00	0	0	0	0.015	0.015	0	0	0
07-14-16:50:00	0	0	0	0.015	0.015	0	0	0
07-14-16:51:00	0	0	0	0.015	0.015	0	0	0
07-14-16:52:00	0	0	0	0.015	0.015	0	0	0
07-14-16:53:00	6	0	0	0.015	0.003	0.012	0.100	0.002
07-14-16:54:00	22	0	0	0.015	0.002	0.033	0.367	0.002
07-14-16:55:00	17	0	0	0.015	0.001	0.028	0.283	0.002
07-14-16:56:00	7	0	0	0.015	0.001	0.012	0.117	0.002
07-14-16:57:00	21	0	0	0.015	0.001	0.034	0.350	0.002
07-14-16:58:00	22	0	0	0.015	0.001	0.033	0.367	0.002
07-14-16:59:00	22	0	0	0.015	0.001	0.037	0.367	0.002
07-14-17:00:00	21	0	0	0.015	0.001	0.032	0.350	0.002
07-14-17:01:00	19	0	0	0.015	0.001	0.037	0.317	0.002
07-14-17:02:00	22	0	0	0.015	0.001	0.043	0.367	0.002
07-14-17:03:00	20	0	0	0.015	0.001	0.038	0.333	0.002
07-14-17:04:00	21	0	0	0.015	0.001	0.04	0.350	0.002
07-14-17:05:00	20	0	0	0.015	0.001	0.049	0.333	0.002
07-14-17:06:00	20	0	0	0.015	0.001	0.05	0.333	0.002
07-14-17:07:00	20	0	0	0.015	0.001	0.043	0.333	0.002
07-14-17:08:00	21	0	0	0.015	0.001	0.0439999999999999	0.350	0.002
07-14-17:09:00	21	0	0	0.015	0.001	0.038	0.350	0.002
07-14-17:10:00	20	0	0	0.015	0.001	0.0580000000000001	0.333	0.003
07-14-17:11:00	19	0	0	0.015	0.001	0.0449999999999999	0.317	0.002
07-14-17:12:00	20	0	0	0.051	0.002	0.0860000000000001	0.333	0.004
07-14-17:13:00	19	0	0	0.051	0.002	0.0429999999999999	0.317	0.002
07-14-17:14:00	22	0	0	0.051	0.002	0.048	0.367	0.002
07-14-17:15:00	19	0	0	0.051	0.002	0.0599999999999999	0.317	0.003
07-14-17:16:00	21	0	0	0.051	0.002	0.05	0.350	0.002
07-14-17:17:00	20	0	0	0.051	0.002	0.052	0.333	0.003
07-14-17:18:00	20	0	0	0.051	0.002	0.042	0.333	0.002
07-14-17:19:00	21	0	0	0.051	0.002	0.038	0.350	0.002
07-14-17:20:00	20	0	0	0.051	0.002	0.0459999999999998	0.333	0.002
07-14-17:21:00	20	0	0	0.051	0.002	0.042	0.333	0.002
07-14-17:22:00	21	0	0	0.051	0.002	0.0509999999999999	0.350	0.002
07-14-17:23:00	20	0	0	0.051	0.002	0.0430000000000001	0.333	0.002
07-14-17:24:00	21	0	0	0.051	0.002	0.04	0.350	0.002
07-14-17:25:00	20	0	0	0.051	0.002	0.0479999999999998	0.333	0.002
07-14-17:26:00	21	0	0	0.051	0.002	0.05	0.350	0.002
07-14-17:27:00	20	0	0	0.051	0.002	0.0580000000000001	0.333	0.003
07-14-17:28:00	21	0	0	0.051	0.002	0.0449999999999999	0.350	0.002
07-14-17:29:00	21	0	0	0.051	0.002	0.044	0.350	0.002
07-14-17:30:00	20	0	0	0.051	0.002	0.0509999999999999	0.333	0.003
07-14-17:31:00	20	0	0	0.051	0.002	0.0430000000000001	0.333	0.002
07-14-17:32:00	21	0	0	0.051	0.002	0.052	0.350	0.002
07-14-17:33:00	21	0	0	0.051	0.002	0.0429999999999999	0.350	0.002
07-14-17:34:00	20	0	0	0.051	0.002	0.0439999999999998	0.333	0.002
07-14-17:35:00	20	0	0	0.051	0.002	0.0530000000000002	0.333	0.003
07-14-17:36:00	21	0	0	0.051	0.002	0.0479999999999998	0.350	0.002
07-14-17:37:00	19	0	0	0.051	0.002	0.0470000000000002	0.317	0.002
07-14-17:38:00	21	0	0	0.051	0.002	0.048	0.350	0.002
07-14-17:39:00	20	0	0	0.051	0.002	0.0409999999999999	0.333	0.002
07-14-17:40:00	20	0	0	0.051	0.002	0.0510000000000002	0.333	0.003
07-14-17:41:00	21	0	0	0.051	0.002	0.0449999999999999	0.350	0.002
07-14-17:42:00	19	0	0	0.051	0.002	0.0499999999999998	0.317	0.003
07-14-17:43:00	21	0	0	0.051	0.002	0.0500000000000003	0.350	0.002
07-14-17:44:00	21	0	0	0.051	0.002	0.0419999999999998	0.350	0.002
07-14-17:45:00	19	0	0	0.051	0.002	0.0470000000000002	0.317	0.002
07-14-17:46:00	21	0	0	0.051	0.002	0.0459999999999998	0.350	0.002
07-14-17:47:00	19	0	0	0.051	0.002	0.0390000000000001	0.317	0.002
07-14-17:48:00	20	0	0	0.051	0.002	0.04	0.333	0.002
07-14-17:49:00	21	0	0	0.051	0.002	0.0430000000000001	0.350	0.002
07-14-17:50:00	21	0	0	0.051	0.002	0.0519999999999996	0.350	0.002
07-14-17:51:00	20	0	0	0.051	0.002	0.0420000000000003	0.333	0.002
07-14-17:52:00	20	0	0	0.051	0.002	0.0789999999999997	0.333	0.004
07-14-17:53:00	21	0	0	0.051	0.002	0.044	0.350	0.002
07-14-17:54:00	21	0	0	0.051	0.002	0.048	0.350	0.002
07-14-17:55:00	19	0	0	0.051	0.002	0.0430000000000001	0.317	0.002
07-14-17:56:00	21	0	0	0.051	0.002	0.0459999999999998	0.350	0.002
07-14-17:57:00	20	0	0	0.051	0.002	0.0550000000000002	0.333	0.003
07-14-17:58:00	21	0	0	0.051	0.002	0.0489999999999999	0.350	0.002
07-14-17:59:00	21	0	0	0.051	0.002	0.0419999999999998	0.350	0.002
07-14-18:00:00	20	0	0	0.051	0.002	0.0430000000000001	0.333	0.002
07-14-18:01:00	20	0	0	0.051	0.002	0.0470000000000002	0.333	0.002
07-14-18:02:00	21	0	0	0.051	0.002	0.0489999999999999	0.350	0.002
07-14-18:03:00	20	0	0	0.051	0.002	0.0430000000000001	0.333	0.002
07-14-18:04:00	21	0	0	0.051	0.002	0.0409999999999999	0.350	0.002
07-14-18:05:00	21	0	0	0.051	0.002	0.0549999999999997	0.350	0.003
07-14-18:06:00	21	0	0	0.051	0.002	0.048	0.350	0.002
07-14-18:07:00	20	0	0	0.051	0.002	0.0460000000000003	0.333	0.002
07-14-18:08:00	20	0	0	0.051	0.002	0.0409999999999999	0.333	0.002
07-14-18:09:00	19	0	0	0.051	0.002	0.0419999999999998	0.317	0.002
07-14-18:10:00	20	0	0	0.051	0.002	0.0640000000000001	0.333	0.003
07-14-18:11:00	21	0	0	0.051	0.002	0.0420000000000003	0.350	0.002
07-14-18:12:00	20	0	0	0.051	0.002	0.0499999999999998	0.333	0.002
07-14-18:13:00	20	0	0	0.051	0.002	0.044	0.333	0.002
07-14-18:14:00	21	0	0	0.051	0.002	0.0419999999999998	0.350	0.002
07-14-18:15:00	18	0	0	0.051	0.002	0.048	0.300	0.003
07-14-18:16:00	20	0	0	0.051	0.002	0.0500000000000003	0.333	0.003
07-14-18:17:00	20	0	0	0.051	0.002	0.0409999999999999	0.333	0.002
07-14-18:18:00	21	0	0	0.051	0.002	0.0429999999999997	0.350	0.002
07-14-18:19:00	21	0	0	0.051	0.002	0.0460000000000003	0.350	0.002
07-14-18:20:00	20	0	0	0.051	0.002	0.0519999999999996	0.333	0.003
07-14-18:21:00	20	0	0	0.051	0.002	0.0510000000000002	0.333	0.003
07-14-18:22:00	21	0	0	0.051	0.002	0.0490000000000004	0.350	0.002
07-14-18:23:00	20	0	0	0.051	0.002	0.0439999999999996	0.333	0.002
07-14-18:24:00	21	0	0	0.051	0.002	0.0419999999999998	0.350	0.002
07-14-18:25:00	20	0	0	0.051	0.002	0.0460000000000003	0.333	0.002
07-14-18:26:00	21	0	0	0.051	0.002	0.0499999999999998	0.350	0.002
07-14-18:27:00	20	0	0	0.051	0.002	0.0529999999999999	0.333	0.003
07-14-18:28:00	21	0	0	0.051	0.002	0.048	0.350	0.002
07-14-18:29:00	21	0	0	0.051	0.002	0.0430000000000001	0.350	0.002
07-14-18:30:00	20	0	0	0.051	0.002	0.0430000000000001	0.333	0.002
07-14-18:31:00	20	0	0	0.051	0.002	0.0430000000000001	0.333	0.002
07-14-18:32:00	21	0	0	0.051	0.002	0.0499999999999998	0.350	0.002
07-14-18:33:00	20	0	0	0.051	0.002	0.0439999999999996	0.333	0.002
07-14-18:34:00	21	0	0	0.051	0.002	0.0450000000000008	0.350	0.002
07-14-18:35:00	20	0	0	0.051	0.002	0.0469999999999997	0.333	0.002
07-14-18:36:00	20	0	0	0.051	0.002	0.0419999999999998	0.333	0.002
07-14-18:37:00	21	0	0	0.051	0.002	0.0490000000000004	0.350	0.002
07-14-18:38:00	21	0	0	0.051	0.002	0.0499999999999998	0.350	0.002
07-14-18:39:00	20	0	0	0.051	0.002	0.0449999999999999	0.333	0.002
07-14-18:40:00	20	0	0	0.051	0.002	0.0449999999999999	0.333	0.002
07-14-18:41:00	21	0	0	0.051	0.002	0.048	0.350	0.002
07-14-18:42:00	20	0	0	0.051	0.002	0.0460000000000003	0.333	0.002
07-14-18:43:00	21	0	0	0.051	0.002	0.0430000000000001	0.350	0.002
07-14-18:44:00	21	0	0	0.051	0.002	0.0419999999999998	0.350	0.002
07-14-18:45:00	20	0	0	0.051	0.002	0.077	0.333	0.004
07-14-18:46:00	20	0	0	0.051	0.002	0.0459999999999994	0.333	0.002
07-14-18:47:00	20	0	0	0.051	0.002	0.0570000000000004	0.333	0.003
07-14-18:48:00	21	0	0	0.051	0.002	0.0510000000000002	0.350	0.002
07-14-18:49:00	20	0	0	0.051	0.002	0.0410000000000004	0.333	0.002
07-14-18:50:00	21	0	0	0.051	0.002	0.0529999999999999	0.350	0.003
07-14-18:51:00	20	0	0	0.051	0.002	0.0519999999999996	0.333	0.003
07-14-18:52:00	19	0	0	0.051	0.002	0.0469999999999997	0.317	0.002
07-14-18:53:00	20	0	0	0.051	0.002	0.0440000000000005	0.333	0.002
07-14-18:54:00	21	0	0	0.051	0.002	0.0439999999999996	0.350	0.002
07-14-18:55:00	20	0	0	0.051	0.002	0.0460000000000003	0.333	0.002
07-14-18:56:00	21	0	0	0.051	0.002	0.0540000000000003	0.350	0.003
07-14-18:57:00	19	0	0	0.051	0.002	0.0449999999999999	0.317	0.002
07-14-18:58:00	21	0	0	0.051	0.002	0.0510000000000002	0.350	0.002
07-14-18:59:00	21	0	0	0.051	0.002	0.0379999999999994	0.350	0.002
07-14-19:00:00	20	0	0	0.051	0.002	0.0529999999999999	0.333	0.003
07-14-19:01:00	20	0	0	0.051	0.002	0.0440000000000005	0.333	0.002
07-14-19:02:00	21	0	0	0.051	0.002	0.0739999999999998	0.350	0.004
07-14-19:03:00	20	0	0	0.051	0.002	0.0439999999999996	0.333	0.002
07-14-19:04:00	21	0	0	0.051	0.002	0.0410000000000004	0.350	0.002
07-14-19:05:00	20	0	0	0.057	0.002	0.0999999999999996	0.333	0.005
07-14-19:06:00	21	0	0	0.057	0.002	0.0450000000000008	0.350	0.002
07-14-19:07:00	19	0	0	0.057	0.002	0.0489999999999995	0.317	0.003
07-14-19:08:00	21	0	0	0.057	0.002	0.0510000000000002	0.350	0.002
07-14-19:09:00	21	0	0	0.057	0.002	0.04	0.350	0.002
07-14-19:10:00	20	0	0	0.057	0.002	0.0540000000000003	0.333	0.003
07-14-19:11:00	21	0	0	0.057	0.002	0.0479999999999992	0.350	0.002
07-14-19:12:00	20	0	0	0.057	0.002	0.0500000000000007	0.333	0.003
07-14-19:13:00	21	0	0	0.057	0.002	0.0510000000000002	0.350	0.002
07-14-19:14:00	21	0	0	0.057	0.002	0.0429999999999993	0.350	0.002
07-14-19:15:00	20	0	0	0.057	0.002	0.0510000000000002	0.333	0.003
07-14-19:16:00	20	0	0	0.057	0.002	0.048	0.333	0.002
07-14-19:17:00	21	0	0	0.057	0.002	0.0600000000000005	0.350	0.003
07-14-19:18:00	20	0	0	0.057	0.002	0.0459999999999994	0.333	0.002
07-14-19:19:00	21	0	0	0.057	0.002	0.0440000000000005	0.350	0.002
07-14-19:20:00	21	0	0	0.057	0.002	0.0499999999999998	0.350	0.002
07-14-19:21:00	20	0	0	0.057	0.002	0.0439999999999996	0.333	0.002
07-14-19:22:00	21	0	0	0.057	0.002	0.0520000000000005	0.350	0.002
07-14-19:23:00	20	0	0	0.057	0.002	0.0519999999999996	0.333	0.003
07-14-19:24:00	21	0	0	0.057	0.002	0.0380000000000003	0.350	0.002
07-14-19:25:00	20	0	0	0.057	0.002	0.0510000000000002	0.333	0.003
07-14-19:26:00	21	0	0	0.057	0.002	0.0499999999999998	0.350	0.002
07-14-19:27:00	20	0	0	0.057	0.002	0.04	0.333	0.002
07-14-19:28:00	21	0	0	0.057	0.002	0.0449999999999999	0.350	0.002
07-14-19:29:00	21	0	0	0.057	0.002	0.0439999999999996	0.350	0.002
07-14-19:30:00	20	0	0	0.057	0.002	0.0770000000000008	0.333	0.004
07-14-19:31:00	20	0	0	0.057	0.002	0.0489999999999995	0.333	0.002
07-14-19:32:00	21	0	0	0.057	0.002	0.048	0.350	0.002
07-14-19:33:00	20	0	0	0.057	0.002	0.0520000000000005	0.333	0.003
07-14-19:34:00	21	0	0	0.057	0.002	0.0439999999999996	0.350	0.002
07-14-19:35:00	20	0	0	0.057	0.002	0.0430000000000001	0.333	0.002
07-14-19:36:00	20	0	0	0.057	0.002	0.0549999999999997	0.333	0.003
07-14-19:37:00	20	0	0	0.057	0.002	0.0389999999999997	0.333	0.002
07-14-19:38:00	21	0	0	0.057	0.002	0.0490000000000004	0.350	0.002
07-14-19:39:00	21	0	0	0.057	0.002	0.0460000000000003	0.350	0.002
07-14-19:40:00	20	0	0	0.057	0.002	0.0609999999999999	0.333	0.003
07-14-19:41:00	21	0	0	0.057	0.002	0.0629999999999997	0.350	0.003
07-14-19:42:00	20	0	0	0.057	0.002	0.0919999999999996	0.333	0.005
07-14-19:43:00	20	0	0	0.057	0.002	0.0460000000000012	0.333	0.002
07-14-19:44:00	21	0	0	0.057	0.002	0.0419999999999998	0.350	0.002
07-14-19:45:00	19	0	0	0.057	0.002	0.0640000000000001	0.317	0.003
07-14-19:46:00	21	0	0	0.057	0.002	0.0499999999999989	0.350	0.002
07-14-19:47:00	20	0	0	0.057	0.002	0.048	0.333	0.002
07-14-19:48:00	21	0	0	0.057	0.002	0.0540000000000003	0.350	0.003
07-14-19:49:00	20	0	0	0.057	0.002	0.0400000000000009	0.333	0.002
07-14-19:50:00	21	0	0	0.057	0.002	0.0549999999999997	0.350	0.003
07-14-19:51:00	20	0	0	0.057	0.002	0.0419999999999998	0.333	0.002
07-14-19:52:00	20	0	0	0.057	0.002	0.0510000000000002	0.333	0.003
07-14-19:53:00	20	0	0	0.057	0.002	0.0419999999999998	0.333	0.002
07-14-19:54:00	21	0	0	0.057	0.002	0.0449999999999999	0.350	0.002
07-14-19:55:00	20	0	0	0.057	0.002	0.0630000000000006	0.333	0.003
07-14-19:56:00	21	0	0	0.057	0.002	0.0429999999999993	0.350	0.002
07-14-19:57:00	20	0	0	0.057	0.002	0.0600000000000005	0.333	0.003
07-14-19:58:00	21	0	0	0.057	0.002	0.0449999999999999	0.350	0.002
07-14-19:59:00	21	0	0	0.057	0.002	0.0439999999999987	0.350	0.002
07-14-20:00:00	20	0	0	0.057	0.002	0.0660000000000007	0.333	0.003
07-14-20:01:00	20	0	0	0.057	0.002	0.0470000000000006	0.333	0.002
07-14-20:02:00	21	0	0	0.057	0.002	0.0449999999999999	0.350	0.002
07-14-20:03:00	18	0	0	0.057	0.002	0.0339999999999989	0.300	0.002
07-14-20:04:00	21	0	0	0.057	0.002	0.0380000000000003	0.350	0.002
07-14-20:05:00	21	0	0	0.057	0.002	0.0490000000000013	0.350	0.002
07-14-20:06:00	21	0	0	0.057	0.002	0.048	0.350	0.002
07-14-20:07:00	19	0	0	0.057	0.002	0.0639999999999983	0.317	0.003
07-14-20:08:00	21	0	0	0.057	0.002	0.0530000000000008	0.350	0.003
07-14-20:09:00	21	0	0	0.057	0.002	0.0419999999999998	0.350	0.002
07-14-20:10:00	20	0	0	0.057	0.002	0.0579999999999998	0.333	0.003
07-14-20:11:00	20	0	0	0.057	0.002	0.0540000000000003	0.333	0.003
07-14-20:12:00	20	0	0	0.057	0.002	0.0779999999999994	0.333	0.004
07-14-20:13:00	19	0	0	0.057	0.002	0.048	0.317	0.003
07-14-20:14:00	22	0	0	0.057	0.002	0.0460000000000012	0.367	0.002
07-14-20:15:00	20	0	0	0.057	0.002	0.0549999999999997	0.333	0.003
07-14-20:16:00	20	0	0	0.057	0.002	0.048	0.333	0.002
07-14-20:17:00	20	0	0	0.057	0.002	0.0549999999999997	0.333	0.003
07-14-20:18:00	20	0	0	0.057	0.002	0.0429999999999993	0.333	0.002
07-14-20:19:00	21	0	0	0.057	0.002	0.0500000000000007	0.350	0.002
07-14-20:20:00	21	0	0	0.057	0.002	0.0670000000000002	0.350	0.003
07-14-20:21:00	20	0	0	0.057	0.002	0.0489999999999995	0.333	0.002
07-14-20:22:00	20	0	0	0.057	0.002	0.0540000000000003	0.333	0.003
07-14-20:23:00	21	0	0	0.057	0.002	0.0449999999999999	0.350	0.002
07-14-20:24:00	21	0	0	0.057	0.002	0.043000000000001	0.350	0.002
07-14-20:25:00	20	0	0	0.057	0.002	0.0559999999999992	0.333	0.003
07-14-20:26:00	21	0	0	0.057	0.002	0.0459999999999994	0.350	0.002
07-14-20:27:00	20	0	0	0.057	0.002	0.077	0.333	0.004
07-14-20:28:00	21	0	0	0.057	0.002	0.0520000000000014	0.350	0.002
07-14-20:29:00	21	0	0	0.057	0.002	0.0429999999999993	0.350	0.002
07-14-20:30:00	20	0	0	0.057	0.002	0.0500000000000007	0.333	0.003
07-14-20:31:00	20	0	0	0.057	0.002	0.0469999999999988	0.333	0.002
07-14-20:32:00	21	0	0	0.057	0.002	0.048	0.350	0.002
07-14-20:33:00	20	0	0	0.057	0.002	0.0440000000000005	0.333	0.002
07-14-20:34:00	21	0	0	0.057	0.002	0.0419999999999998	0.350	0.002
07-14-20:35:00	20	0	0	0.057	0.002	0.0510000000000002	0.333	0.003
07-14-20:36:00	21	0	0	0.057	0.002	0.0470000000000006	0.350	0.002
07-14-20:37:00	19	0	0	0.057	0.002	0.0539999999999985	0.317	0.003
07-14-20:38:00	21	0	0	0.057	0.002	0.0450000000000017	0.350	0.002
07-14-20:39:00	21	0	0	0.057	0.002	0.0449999999999999	0.350	0.002
07-14-20:40:00	20	0	0	0.057	0.002	0.0649999999999995	0.333	0.003
07-14-20:41:00	20	0	0	0.057	0.002	0.0499999999999989	0.333	0.002
07-14-20:42:00	20	0	0	0.057	0.002	0.0450000000000017	0.333	0.002
07-14-20:43:00	21	0	0	0.057	0.002	0.0519999999999996	0.350	0.002
07-14-20:44:00	21	0	0	0.057	0.002	0.0469999999999988	0.350	0.002
07-14-20:45:00	20	0	0	0.057	0.002	0.0630000000000006	0.333	0.003
07-14-20:46:00	21	0	0	0.057	0.002	0.0449999999999999	0.350	0.002
07-14-20:47:00	18	0	0	0.057	0.002	0.0440000000000005	0.300	0.002
07-14-20:48:00	21	0	0	0.057	0.002	0.0470000000000006	0.350	0.002
07-14-20:49:00	21	0	0	0.057	0.002	0.0479999999999983	0.350	0.002
07-14-20:50:00	20	0	0	0.057	0.002	0.0460000000000012	0.333	0.002
07-14-20:51:00	20	0	0	0.057	0.002	0.048	0.333	0.002
07-14-20:52:00	20	0	0	0.057	0.002	0.0449999999999999	0.333	0.002
07-14-20:53:00	21	0	0	0.057	0.002	0.0459999999999994	0.350	0.002
07-14-20:54:00	21	0	0	0.057	0.002	0.0449999999999999	0.350	0.002
07-14-20:55:00	20	0	0	0.057	0.002	0.0570000000000004	0.333	0.003
07-14-20:56:00	21	0	0	0.057	0.002	0.048	0.350	0.002
07-14-20:57:00	20	0	0	0.057	0.002	0.0549999999999997	0.333	0.003
07-14-20:58:00	21	0	0	0.057	0.002	0.0449999999999999	0.350	0.002
07-14-20:59:00	20	0	0	0.057	0.002	0.0419999999999998	0.333	0.002
07-14-21:00:00	21	0	0	0.057	0.002	0.048	0.350	0.002
07-14-21:01:00	20	0	0	0.057	0.002	0.0400000000000009	0.333	0.002
07-14-21:02:00	21	0	0	0.057	0.002	0.0510000000000002	0.350	0.002
07-14-21:03:00	20	0	0	0.057	0.002	0.0429999999999993	0.333	0.002
07-14-21:04:00	21	0	0	0.057	0.002	0.0470000000000006	0.350	0.002
07-14-21:05:00	20	0	0	0.057	0.002	0.052999999999999	0.333	0.003
07-14-21:06:00	20	0	0	0.057	0.002	0.0500000000000007	0.333	0.003
07-14-21:07:00	21	0	0	0.057	0.002	0.0640000000000001	0.350	0.003
07-14-21:08:00	20	0	0	0.057	0.002	0.0459999999999994	0.333	0.002
07-14-21:09:00	19	0	0	0.057	0.002	0.0410000000000004	0.317	0.002
07-14-21:10:00	21	0	0	0.057	0.002	0.0609999999999999	0.350	0.003
07-14-21:11:00	20	0	0	0.057	0.002	0.0489999999999995	0.333	0.002
07-14-21:12:00	20	0	0	0.057	0.002	0.0540000000000003	0.333	0.003
07-14-21:13:00	20	0	0	0.057	0.002	0.0470000000000006	0.333	0.002
07-14-21:14:00	21	0	0	0.057	0.002	0.0419999999999998	0.350	0.002
07-14-21:15:00	20	0	0	0.057	0.002	0.0519999999999996	0.333	0.003
07-14-21:16:00	20	0	0	0.057	0.002	0.0400000000000009	0.333	0.002
07-14-21:17:00	21	0	0	0.057	0.002	0.0469999999999988	0.350	0.002
07-14-21:18:00	20	0	0	0.057	0.002	0.0449999999999999	0.333	0.002
07-14-21:19:00	20	0	0	0.057	0.002	0.0410000000000004	0.333	0.002
07-14-21:20:00	21	0	0	0.057	0.002	0.0510000000000002	0.350	0.002
07-14-21:21:00	20	0	0	0.057	0.002	0.0489999999999995	0.333	0.002
07-14-21:22:00	20	0	0	0.057	0.002	0.0660000000000007	0.333	0.003
07-14-21:23:00	21	0	0	0.057	0.002	0.0540000000000003	0.350	0.003
07-14-21:24:00	20	0	0	0.057	0.002	0.0389999999999997	0.333	0.002
07-14-21:25:00	20	0	0	0.057	0.002	0.0470000000000006	0.333	0.002
07-14-21:26:00	21	0	0	0.057	0.002	0.0469999999999988	0.350	0.002
07-14-21:27:00	20	0	0	0.057	0.002	0.0590000000000011	0.333	0.003
07-14-21:28:00	21	0	0	0.057	0.002	0.0449999999999999	0.350	0.002
07-14-21:29:00	21	0	0	0.057	0.002	0.0489999999999995	0.350	0.002
07-14-21:30:00	20	0	0	0.057	0.002	0.0399999999999991	0.333	0.002
07-14-21:31:00	21	0	0	0.057	0.002	0.0490000000000013	0.350	0.002
07-14-21:32:00	21	0	0	0.057	0.002	0.0540000000000003	0.350	0.003
07-14-21:33:00	20	0	0	0.057	0.002	0.0459999999999994	0.333	0.002
07-14-21:34:00	20	0	0	0.057	0.002	0.0410000000000004	0.333	0.002
07-14-21:35:00	20	0	0	0.057	0.002	0.0809999999999995	0.333	0.004
07-14-21:36:00	20	0	0	0.057	0.002	0.048	0.333	0.002
07-14-21:37:00	20	0	0	0.057	0.002	0.0510000000000002	0.333	0.003
07-14-21:38:00	21	0	0	0.057	0.002	0.0459999999999994	0.350	0.002
07-14-21:39:00	19	0	0	0.057	0.002	0.0400000000000009	0.317	0.002
07-14-21:40:00	20	0	0	0.057	0.002	0.0499999999999989	0.333	0.002
07-14-21:41:00	21	0	0	0.057	0.002	0.0470000000000006	0.350	0.002
07-14-21:42:00	20	0	0	0.057	0.002	0.048	0.333	0.002
07-14-21:43:00	20	0	0	0.057	0.002	0.0459999999999994	0.333	0.002
07-14-21:44:00	22	0	0	0.057	0.002	0.0470000000000006	0.367	0.002
07-14-21:45:00	20	0	0	0.057	0.002	0.0549999999999997	0.333	0.003
07-14-21:46:00	20	0	0	0.057	0.002	0.0449999999999999	0.333	0.002
07-14-21:47:00	20	0	0	0.057	0.002	0.0660000000000007	0.333	0.003
07-14-21:48:00	21	0	0	0.057	0.002	0.0489999999999995	0.350	0.002
07-14-21:49:00	20	0	0	0.057	0.002	0.0419999999999998	0.333	0.002
07-14-21:50:00	21	0	0	0.057	0.002	0.0489999999999995	0.350	0.002
07-14-21:51:00	20	0	0	0.057	0.002	0.0470000000000006	0.333	0.002
07-14-21:52:00	20	0	0	0.057	0.002	0.0500000000000007	0.333	0.003
07-14-21:53:00	21	0	0	0.057	0.002	0.0499999999999989	0.350	0.002
07-14-21:54:00	21	0	0	0.057	0.002	0.0400000000000009	0.350	0.002
07-14-21:55:00	20	0	0	0.057	0.002	0.0559999999999992	0.333	0.003
07-14-21:56:00	21	0	0	0.057	0.002	0.0500000000000007	0.350	0.002
07-14-21:57:00	20	0	0	0.057	0.002	0.0589999999999993	0.333	0.003
07-14-21:58:00	20	0	0	0.057	0.002	0.0500000000000007	0.333	0.003
07-14-21:59:00	21	0	0	0.057	0.002	0.0459999999999994	0.350	0.002
07-14-22:00:00	20	0	0	0.057	0.002	0.0620000000000012	0.333	0.003
07-14-22:01:00	20	0	0	0.057	0.002	0.0499999999999989	0.333	0.002
07-14-22:02:00	20	0	0	0.057	0.002	0.0510000000000002	0.333	0.003
07-14-22:03:00	21	0	0	0.057	0.002	0.0449999999999999	0.350	0.002
07-14-22:04:00	20	0	0	0.057	0.002	0.0419999999999998	0.333	0.002
07-14-22:05:00	20	0	0	0.057	0.002	0.0460000000000012	0.333	0.002
07-14-22:06:00	21	0	0	0.057	0.002	0.0489999999999995	0.350	0.002
07-14-22:07:00	19	0	0	0.057	0.002	0.0410000000000004	0.317	0.002
07-14-22:08:00	21	0	0	0.057	0.002	0.0409999999999986	0.350	0.002
07-14-22:09:00	21	0	0	0.057	0.002	0.0440000000000005	0.350	0.002
07-14-22:10:00	20	0	0	0.057	0.002	0.0510000000000002	0.333	0.003
07-14-22:11:00	21	0	0	0.057	0.002	0.0459999999999994	0.350	0.002
07-14-22:12:00	20	0	0	0.057	0.002	0.0470000000000006	0.333	0.002
07-14-22:13:00	21	0	0	0.057	0.002	0.0489999999999995	0.350	0.002
07-14-22:14:00	21	0	0	0.057	0.002	0.0440000000000005	0.350	0.002
07-14-22:15:00	20	0	0	0.057	0.002	0.0579999999999998	0.333	0.003
07-14-22:16:00	20	0	0	0.057	0.002	0.0530000000000008	0.333	0.003
07-14-22:17:00	20	0	0	0.057	0.002	0.0499999999999989	0.333	0.002
07-14-22:18:00	21	0	0	0.057	0.002	0.043000000000001	0.350	0.002
07-14-22:19:00	20	0	0	0.057	0.002	0.0449999999999999	0.333	0.002
07-14-22:20:00	21	0	0	0.057	0.002	0.0459999999999994	0.350	0.002
07-14-22:21:00	20	0	0	0.057	0.002	0.0460000000000012	0.333	0.002
07-14-22:22:00	20	0	0	0.057	0.002	0.0519999999999996	0.333	0.003
07-14-22:23:00	21	0	0	0.057	0.002	0.0479999999999983	0.350	0.002
07-14-22:24:00	21	0	0	0.057	0.002	0.049000000000003	0.350	0.002
07-14-22:25:00	19	0	0	0.057	0.002	0.0509999999999984	0.317	0.003
07-14-22:26:00	21	0	0	0.057	0.002	0.0470000000000006	0.350	0.002
07-14-22:27:00	20	0	0	0.057	0.002	0.0519999999999996	0.333	0.003
07-14-22:28:00	21	0	0	0.057	0.002	0.0489999999999995	0.350	0.002
07-14-22:29:00	20	0	0	0.057	0.002	0.0429999999999993	0.333	0.002
07-14-22:30:00	20	0	0	0.057	0.002	0.0809999999999995	0.333	0.004
07-14-22:31:00	21	0	0	0.057	0.002	0.0450000000000017	0.350	0.002
07-14-22:32:00	20	0	0	0.057	0.002	0.0479999999999983	0.333	0.002
07-14-22:33:00	21	0	0	0.057	0.002	0.0530000000000008	0.350	0.003
07-14-22:34:00	21	0	0	0.057	0.002	0.0390000000000015	0.350	0.002
07-14-22:35:00	20	0	0	0.057	0.002	0.0410000000000004	0.333	0.002
07-14-22:36:00	21	0	0	0.057	0.002	0.0459999999999994	0.350	0.002
07-14-22:37:00	19	0	0	0.057	0.002	0.0560000000000009	0.317	0.003
07-14-22:38:00	21	0	0	0.057	0.002	0.0449999999999982	0.350	0.002
07-14-22:39:00	21	0	0	0.057	0.002	0.0410000000000004	0.350	0.002
07-14-22:40:00	20	0	0	0.057	0.002	0.0640000000000001	0.333	0.003
07-14-22:41:00	20	0	0	0.057	0.002	0.0429999999999993	0.333	0.002
07-14-22:42:00	20	0	0	0.057	0.002	0.0650000000000013	0.333	0.003
07-14-22:43:00	21	0	0	0.057	0.002	0.0440000000000005	0.350	0.002
07-14-22:44:00	21	0	0	0.057	0.002	0.0429999999999993	0.350	0.002
07-14-22:45:00	20	0	0	0.057	0.002	0.0479999999999983	0.333	0.002
07-14-22:46:00	20	0	0	0.057	0.002	0.0500000000000007	0.333	0.003
07-14-22:47:00	21	0	0	0.057	0.002	0.0560000000000009	0.350	0.003
07-14-22:48:00	21	0	0	0.057	0.002	0.0509999999999984	0.350	0.002
07-14-22:49:00	20	0	0	0.057	0.002	0.0360000000000014	0.333	0.002
07-14-22:50:00	21	0	0	0.057	0.002	0.0509999999999984	0.350	0.002
07-14-22:51:00	20	0	0	0.057	0.002	0.0530000000000008	0.333	0.003
07-14-22:52:00	21	0	0	0.057	0.002	0.0590000000000011	0.350	0.003
07-14-22:53:00	21	0	0	0.057	0.002	0.0440000000000005	0.350	0.002
07-14-22:54:00	20	0	0	0.057	0.002	0.0449999999999982	0.333	0.002
07-14-22:55:00	20	0	0	0.057	0.002	0.0650000000000013	0.333	0.003
07-14-22:56:00	21	0	0	0.057	0.002	0.0459999999999994	0.350	0.002
07-14-22:57:00	20	0	0	0.057	0.002	0.0480000000000018	0.333	0.002
07-14-22:58:00	21	0	0	0.057	0.002	0.046999999999997	0.350	0.002
07-14-22:59:00	21	0	0	0.057	0.002	0.0420000000000016	0.350	0.002
07-14-23:00:00	20	0	0	0.057	0.002	0.0590000000000011	0.333	0.003
07-14-23:01:00	20	0	0	0.057	0.002	0.041999999999998	0.333	0.002
07-14-23:02:00	20	0	0	0.057	0.002	0.0429999999999993	0.333	0.002
07-14-23:03:00	21	0	0	0.057	0.002	0.0420000000000016	0.350	0.002
07-14-23:04:00	21	0	0	0.057	0.002	0.0459999999999994	0.350	0.002
07-14-23:05:00	19	0	0	0.057	0.002	0.0440000000000005	0.317	0.002
07-14-23:06:00	20	0	0	0.057	0.002	0.0500000000000007	0.333	0.003
07-14-23:07:00	20	0	0	0.057	0.002	0.0839999999999996	0.333	0.004
07-14-23:08:00	21	0	0	0.057	0.002	0.0519999999999996	0.350	0.002
07-14-23:09:00	20	0	0	0.057	0.002	0.0440000000000005	0.333	0.002
07-14-23:10:00	21	0	0	0.057	0.002	0.0479999999999983	0.350	0.002
07-14-23:11:00	20	0	0	0.057	0.002	0.0390000000000015	0.333	0.002
07-14-23:12:00	20	0	0	0.057	0.002	0.0509999999999984	0.333	0.003
07-14-23:13:00	21	0	0	0.057	0.002	0.0500000000000007	0.350	0.002
07-14-23:14:00	21	0	0	0.057	0.002	0.0440000000000005	0.350	0.002
07-14-23:15:00	18	0	0	0.057	0.002	0.0500000000000007	0.300	0.003
07-14-23:16:00	21	0	0	0.057	0.002	0.0539999999999985	0.350	0.003
07-14-23:17:00	20	0	0	0.057	0.002	0.0519999999999996	0.333	0.003
07-14-23:18:00	20	0	0	0.057	0.002	0.0470000000000006	0.333	0.002
07-14-23:19:00	21	0	0	0.057	0.002	0.0480000000000018	0.350	0.002
07-14-23:20:00	21	0	0	0.057	0.002	0.0700000000000003	0.350	0.003
07-14-23:21:00	20	0	0	0.057	0.002	0.0459999999999994	0.333	0.002
07-14-23:22:00	21	0	0	0.057	0.002	0.0560000000000009	0.350	0.003
07-14-23:23:00	20	0	0	0.057	0.002	0.0449999999999982	0.333	0.002
07-14-23:24:00	21	0	0	0.057	0.002	0.0450000000000017	0.350	0.002
07-14-23:25:00	20	0	0	0.057	0.002	0.0440000000000005	0.333	0.002
07-14-23:26:00	21	0	0	0.057	0.002	0.0479999999999983	0.350	0.002
07-14-23:27:00	20	0	0	0.057	0.002	0.0410000000000004	0.333	0.002
07-14-23:28:00	21	0	0	0.057	0.002	0.0539999999999985	0.350	0.003
07-14-23:29:00	21	0	0	0.057	0.002	0.0430000000000028	0.350	0.002
07-14-23:30:00	20	0	0	0.057	0.002	0.046999999999997	0.333	0.002
07-14-23:31:00	20	0	0	0.057	0.002	0.0470000000000006	0.333	0.002
07-14-23:32:00	21	0	0	0.057	0.002	0.0519999999999996	0.350	0.002
07-14-23:33:00	18	0	0	0.057	0.002	0.0430000000000028	0.300	0.002
07-14-23:34:00	21	0	0	0.057	0.002	0.0459999999999994	0.350	0.002
07-14-23:35:00	21	0	0	0.057	0.002	0.046999999999997	0.350	0.002
07-14-23:36:00	20	0	0	0.057	0.002	0.0450000000000017	0.333	0.002
07-14-23:37:00	20	0	0	0.057	0.002	0.0519999999999996	0.333	0.003
07-14-23:38:00	21	0	0	0.057	0.002	0.0450000000000017	0.350	0.002
07-14-23:39:00	21	0	0	0.057	0.002	0.0459999999999994	0.350	0.002
07-14-23:40:00	20	0	0	0.057	0.002	0.0429999999999993	0.333	0.002
07-14-23:41:00	21	0	0	0.057	0.002	0.0440000000000005	0.350	0.002
07-14-23:42:00	20	0	0	0.057	0.002	0.0620000000000012	0.333	0.003
07-14-23:43:00	21	0	0	0.057	0.002	0.0459999999999994	0.350	0.002
07-14-23:44:00	21	0	0	0.057	0.002	0.0449999999999982	0.350	0.002
07-14-23:45:00	20	0	0	0.057	0.002	0.054000000000002	0.333	0.003
07-14-23:46:00	21	0	0	0.057	0.002	0.0489999999999995	0.350	0.002
07-14-23:47:00	20	0	0	0.057	0.002	0.0549999999999997	0.333	0.003
07-14-23:48:00	21	0	0	0.057	0.002	0.0479999999999983	0.350	0.002
07-14-23:49:00	20	0	0	0.057	0.002	0.0520000000000032	0.333	0.003
07-14-23:50:00	21	0	0	0.057	0.002	0.0619999999999976	0.350	0.003
07-14-23:51:00	20	0	0	0.057	0.002	0.0420000000000016	0.333	0.002
07-14-23:52:00	20	0	0	0.057	0.002	0.0509999999999984	0.333	0.003
07-14-23:53:00	21	0	0	0.057	0.002	0.0549999999999997	0.350	0.003
07-14-23:54:00	21	0	0	0.057	0.002	0.0390000000000015	0.350	0.002
07-14-23:55:00	19	0	0	0.057	0.002	0.0500000000000007	0.317	0.003
07-14-23:56:00	21	0	0	0.057	0.002	0.0479999999999983	0.350	0.002
07-14-23:57:00	20	0	0	0.057	0.002	0.0560000000000009	0.333	0.003
07-14-23:58:00	21	0	0	0.057	0.002	0.0470000000000006	0.350	0.002
07-14-23:59:00	21	0	0	0.057	0.002	0.0459999999999994	0.350	0.002
07-15-00:00:00	20	0	0	0.057	0.002	0.0509999999999984	0.333	0.003
07-15-00:01:00	21	0	0	0.057	0.002	0.0450000000000017	0.350	0.002
07-15-00:02:00	20	0	0	0.057	0.002	0.0530000000000008	0.333	0.003
07-15-00:03:00	20	0	0	0.057	0.002	0.0489999999999995	0.333	0.002
07-15-00:04:00	21	0	0	0.057	0.002	0.0429999999999993	0.350	0.002
07-15-00:05:00	20	0	0	0.057	0.002	0.0459999999999994	0.333	0.002
07-15-00:06:00	21	0	0	0.057	0.002	0.0470000000000006	0.350	0.002
07-15-00:07:00	19	0	0	0.057	0.002	0.0470000000000006	0.317	0.002
07-15-00:08:00	21	0	0	0.057	0.002	0.0459999999999994	0.350	0.002
07-15-00:09:00	20	0	0	0.057	0.002	0.0440000000000005	0.333	0.002
07-15-00:10:00	20	0	0	0.057	0.002	0.0489999999999995	0.333	0.002
07-15-00:11:00	21	0	0	0.057	0.002	0.0509999999999984	0.350	0.002
07-15-00:12:00	20	0	0	0.057	0.002	0.0440000000000005	0.333	0.002
07-15-00:13:00	21	0	0	0.057	0.002	0.0510000000000019	0.350	0.002
07-15-00:14:00	21	0	0	0.057	0.002	0.0470000000000006	0.350	0.002
07-15-00:15:00	20	0	0	0.057	0.002	0.0519999999999996	0.333	0.003
07-15-00:16:00	20	0	0	0.057	0.002	0.0470000000000006	0.333	0.002
07-15-00:17:00	21	0	0	0.057	0.002	0.0489999999999995	0.350	0.002
07-15-00:18:00	20	0	0	0.057	0.002	0.0479999999999983	0.333	0.002
07-15-00:19:00	21	0	0	0.057	0.002	0.0450000000000017	0.350	0.002
07-15-00:20:00	21	0	0	0.057	0.002	0.0609999999999999	0.350	0.003
07-15-00:21:00	19	0	0	0.057	0.002	0.041999999999998	0.317	0.002
07-15-00:22:00	21	0	0	0.057	0.002	0.0500000000000007	0.350	0.002
07-15-00:23:00	20	0	0	0.057	0.002	0.0470000000000006	0.333	0.002
07-15-00:24:00	21	0	0	0.057	0.002	0.0500000000000007	0.350	0.002
07-15-00:25:00	19	0	0	0.057	0.002	0.0539999999999985	0.317	0.003
07-15-00:26:00	21	0	0	0.057	0.002	0.0440000000000005	0.350	0.002
07-15-00:27:00	19	0	0	0.057	0.002	0.0440000000000005	0.317	0.002
07-15-00:28:00	21	0	0	0.057	0.002	0.0509999999999984	0.350	0.002
07-15-00:29:00	21	0	0	0.057	0.002	0.0400000000000027	0.350	0.002
07-15-00:30:00	20	0	0	0.057	0.002	0.0779999999999994	0.333	0.004
07-15-00:31:00	20	0	0	0.057	0.002	0.0470000000000006	0.333	0.002
07-15-00:32:00	20	0	0	0.057	0.002	0.0509999999999984	0.333	0.003
07-15-00:33:00	20	0	0	0.057	0.002	0.0470000000000006	0.333	0.002
07-15-00:34:00	21	0	0	0.057	0.002	0.0449999999999982	0.350	0.002
07-15-00:35:00	20	0	0	0.057	0.002	0.0480000000000018	0.333	0.002
07-15-00:36:00	20	0	0	0.057	0.002	0.0470000000000006	0.333	0.002
07-15-00:37:00	21	0	0	0.057	0.002	0.0479999999999983	0.350	0.002
07-15-00:38:00	20	0	0	0.057	0.002	0.0410000000000004	0.333	0.002
07-15-00:39:00	21	0	0	0.057	0.002	0.0459999999999994	0.350	0.002
07-15-00:40:00	21	0	0	0.057	0.002	0.0600000000000023	0.350	0.003
07-15-00:41:00	20	0	0	0.057	0.002	0.0509999999999984	0.333	0.003
07-15-00:42:00	20	0	0	0.057	0.002	0.0459999999999994	0.333	0.002
07-15-00:43:00	20	0	0	0.057	0.002	0.0440000000000005	0.333	0.002
07-15-00:44:00	22	0	0	0.057	0.002	0.0459999999999994	0.367	0.002
07-15-00:45:00	20	0	0	0.057	0.002	0.0410000000000004	0.333	0.002
07-15-00:46:00	20	0	0	0.057	0.002	0.0459999999999994	0.333	0.002
07-15-00:47:00	21	0	0	0.057	0.002	0.0560000000000009	0.350	0.003
07-15-00:48:00	21	0	0	0.057	0.002	0.0440000000000005	0.350	0.002
07-15-00:49:00	20	0	0	0.057	0.002	0.0470000000000006	0.333	0.002
07-15-00:50:00	21	0	0	0.057	0.002	0.0459999999999994	0.350	0.002
07-15-00:51:00	20	0	0	0.057	0.002	0.0449999999999982	0.333	0.002
07-15-00:52:00	20	0	0	0.057	0.002	0.0510000000000019	0.333	0.003
07-15-00:53:00	21	0	0	0.057	0.002	0.0459999999999994	0.350	0.002
07-15-00:54:00	21	0	0	0.057	0.002	0.0399999999999991	0.350	0.002
07-15-00:55:00	20	0	0	0.057	0.002	0.0500000000000007	0.333	0.003
07-15-00:56:00	21	0	0	0.057	0.002	0.0480000000000018	0.350	0.002
07-15-00:57:00	20	0	0	0.057	0.002	0.0459999999999994	0.333	0.002
07-15-00:58:00	21	0	0	0.057	0.002	0.0459999999999994	0.350	0.002
07-15-00:59:00	20	0	0	0.057	0.002	0.0429999999999993	0.333	0.002
07-15-01:00:00	20	0	0	0.057	0.002	0.054000000000002	0.333	0.003
07-15-01:01:00	20	0	0	0.057	0.002	0.0449999999999982	0.333	0.002
07-15-01:02:00	21	0	0	0.057	0.002	0.0429999999999993	0.350	0.002
07-15-01:03:00	20	0	0	0.057	0.002	0.0440000000000005	0.333	0.002
07-15-01:04:00	20	0	0	0.057	0.002	0.0420000000000016	0.333	0.002
07-15-01:05:00	20	0	0	0.057	0.002	0.0440000000000005	0.333	0.002
07-15-01:06:00	20	0	0	0.057	0.002	0.046999999999997	0.333	0.002
07-15-01:07:00	21	0	0	0.057	0.002	0.0550000000000033	0.350	0.003
07-15-01:08:00	21	0	0	0.057	0.002	0.0479999999999983	0.350	0.002
07-15-01:09:00	21	0	0	0.057	0.002	0.0380000000000003	0.350	0.002
07-15-01:10:00	19	0	0	0.057	0.002	0.0470000000000006	0.317	0.002
07-15-01:11:00	21	0	0	0.057	0.002	0.0479999999999983	0.350	0.002
07-15-01:12:00	20	0	0	0.057	0.002	0.0480000000000018	0.333	0.002
07-15-01:13:00	20	0	0	0.057	0.002	0.0509999999999984	0.333	0.003
07-15-01:14:00	21	0	0	0.057	0.002	0.0440000000000005	0.350	0.002
07-15-01:15:00	20	0	0	0.057	0.002	0.0480000000000018	0.333	0.002
07-15-01:16:00	20	0	0	0.057	0.002	0.0509999999999984	0.333	0.003
07-15-01:17:00	20	0	0	0.057	0.002	0.0620000000000012	0.333	0.003
07-15-01:18:00	21	0	0	0.057	0.002	0.0479999999999983	0.350	0.002
07-15-01:19:00	20	0	0	0.057	0.002	0.0420000000000016	0.333	0.002
07-15-01:20:00	21	0	0	0.057	0.002	0.0539999999999985	0.350	0.003
07-15-01:21:00	20	0	0	0.057	0.002	0.0480000000000018	0.333	0.002
07-15-01:22:00	21	0	0	0.057	0.002	0.0470000000000006	0.350	0.002
07-15-01:23:00	20	0	0	0.057	0.002	0.0479999999999983	0.333	0.002
07-15-01:24:00	21	0	0	0.057	0.002	0.0420000000000016	0.350	0.002
07-15-01:25:00	20	0	0	0.057	0.002	0.0489999999999995	0.333	0.002
07-15-01:26:00	21	0	0	0.057	0.002	0.0459999999999994	0.350	0.002
07-15-01:27:00	20	0	0	0.057	0.002	0.0969999999999978	0.333	0.005
07-15-01:28:00	20	0	0	0.057	0.002	0.0460000000000029	0.333	0.002
07-15-01:29:00	21	0	0	0.057	0.002	0.0499999999999972	0.350	0.002
07-15-01:30:00	20	0	0	0.057	0.002	0.0560000000000009	0.333	0.003
07-15-01:31:00	21	0	0	0.057	0.002	0.0480000000000018	0.350	0.002
07-15-01:32:00	20	0	0	0.057	0.002	0.0479999999999983	0.333	0.002
07-15-01:33:00	21	0	0	0.057	0.002	0.0519999999999996	0.350	0.002
07-15-01:34:00	20	0	0	0.057	0.002	0.0360000000000014	0.333	0.002
07-15-01:35:00	21	0	0	0.057	0.002	0.0449999999999982	0.350	0.002
07-15-01:36:00	19	0	0	0.057	0.002	0.0430000000000028	0.317	0.002
07-15-01:37:00	21	0	0	0.057	0.002	0.0459999999999994	0.350	0.002
07-15-01:38:00	21	0	0	0.057	0.002	0.0479999999999983	0.350	0.002
07-15-01:39:00	20	0	0	0.057	0.002	0.0440000000000005	0.333	0.002
07-15-01:40:00	20	0	0	0.057	0.002	0.0590000000000011	0.333	0.003
07-15-01:41:00	21	0	0	0.057	0.002	0.0519999999999996	0.350	0.002
07-15-01:42:00	20	0	0	0.057	0.002	0.0440000000000005	0.333	0.002
07-15-01:43:00	21	0	0	0.057	0.002	0.0470000000000006	0.350	0.002
07-15-01:44:00	21	0	0	0.057	0.002	0.041999999999998	0.350	0.002
07-15-01:45:00	20	0	0	0.057	0.002	0.0549999999999997	0.333	0.003
07-15-01:46:00	21	0	0	0.057	0.002	0.0489999999999995	0.350	0.002
07-15-01:47:00	20	0	0	0.057	0.002	0.049000000000003	0.333	0.002
07-15-01:48:00	20	0	0	0.057	0.002	0.041999999999998	0.333	0.002
07-15-01:49:00	21	0	0	0.057	0.002	0.0429999999999993	0.350	0.002
07-15-01:50:00	21	0	0	0.057	0.002	0.0470000000000006	0.350	0.002
07-15-01:51:00	19	0	0	0.057	0.002	0.0450000000000017	0.317	0.002
07-15-01:52:00	21	0	0	0.057	0.002	0.0529999999999973	0.350	0.003
07-15-01:53:00	20	0	0	0.057	0.002	0.0470000000000006	0.333	0.002
07-15-01:54:00	21	0	0	0.057	0.002	0.0440000000000005	0.350	0.002
07-15-01:55:00	20	0	0	0.057	0.002	0.0590000000000011	0.333	0.003
07-15-01:56:00	21	0	0	0.057	0.002	0.0500000000000007	0.350	0.002
07-15-01:57:00	20	0	0	0.057	0.002	0.0429999999999993	0.333	0.002
07-15-01:58:00	20	0	0	0.057	0.002	0.0440000000000005	0.333	0.002
07-15-01:59:00	21	0	0	0.057	0.002	0.0440000000000005	0.350	0.002
07-15-02:00:00	21	0	0	0.057	0.002	0.0429999999999993	0.350	0.002
07-15-02:01:00	20	0	0	0.057	0.002	0.0459999999999994	0.333	0.002
07-15-02:02:00	20	0	0	0.057	0.002	0.0519999999999996	0.333	0.003
07-15-02:03:00	20	0	0	0.057	0.002	0.0429999999999993	0.333	0.002
07-15-02:04:00	21	0	0	0.057	0.002	0.0450000000000017	0.350	0.002
07-15-02:05:00	20	0	0	0.057	0.002	0.0619999999999976	0.333	0.003
07-15-02:06:00	21	0	0	0.057	0.002	0.049000000000003	0.350	0.002
07-15-02:07:00	20	0	0	0.057	0.002	0.0410000000000004	0.333	0.002
07-15-02:08:00	21	0	0	0.057	0.002	0.0449999999999982	0.350	0.002
07-15-02:09:00	20	0	0	0.057	0.002	0.0450000000000017	0.333	0.002
07-15-02:10:00	20	0	0	0.057	0.002	0.0459999999999994	0.333	0.002
07-15-02:11:00	20	0	0	0.057	0.002	0.0429999999999993	0.333	0.002
07-15-02:12:00	20	0	0	0.057	0.002	0.0509999999999984	0.333	0.003
07-15-02:13:00	20	0	0	0.057	0.002	0.0400000000000027	0.333	0.002
07-15-02:14:00	21	0	0	0.057	0.002	0.041999999999998	0.350	0.002
07-15-02:15:00	20	0	0	0.057	0.002	0.0480000000000018	0.333	0.002
07-15-02:16:00	21	0	0	0.057	0.002	0.0459999999999994	0.350	0.002
07-15-02:17:00	20	0	0	0.057	0.002	0.0479999999999983	0.333	0.002
07-15-02:18:00	21	0	0	0.057	0.002	0.0460000000000029	0.350	0.002
07-15-02:19:00	20	0	0	0.057	0.002	0.0409999999999968	0.333	0.002
07-15-02:20:00	20	0	0	0.057	0.002	0.0600000000000023	0.333	0.003
07-15-02:21:00	20	0	0	0.057	0.002	0.0440000000000005	0.333	0.002
07-15-02:22:00	20	0	0	0.058	0.002	0.0990000000000002	0.333	0.005
07-15-02:23:00	21	0	0	0.058	0.002	0.0519999999999996	0.350	0.002
07-15-02:24:00	21	0	0	0.058	0.002	0.0410000000000004	0.350	0.002
07-15-02:25:00	20	0	0	0.058	0.002	0.0479999999999983	0.333	0.002
07-15-02:26:00	21	0	0	0.058	0.002	0.0450000000000017	0.350	0.002
07-15-02:27:00	20	0	0	0.058	0.002	0.046999999999997	0.333	0.002
07-15-02:28:00	21	0	0	0.058	0.002	0.049000000000003	0.350	0.002
07-15-02:29:00	20	0	0	0.058	0.002	0.0389999999999979	0.333	0.002
07-15-02:30:00	20	0	0	0.058	0.002	0.0480000000000018	0.333	0.002
07-15-02:31:00	20	0	0	0.058	0.002	0.0459999999999994	0.333	0.002
07-15-02:32:00	21	0	0	0.058	0.002	0.0539999999999985	0.350	0.003
07-15-02:33:00	20	0	0	0.058	0.002	0.0579999999999998	0.333	0.003
07-15-02:34:00	21	0	0	0.058	0.002	0.0450000000000017	0.350	0.002
07-15-02:35:00	20	0	0	0.058	0.002	0.0549999999999997	0.333	0.003
07-15-02:36:00	21	0	0	0.058	0.002	0.0549999999999997	0.350	0.003
07-15-02:37:00	20	0	0	0.058	0.002	0.0519999999999996	0.333	0.003
07-15-02:38:00	20	0	0	0.058	0.002	0.0510000000000019	0.333	0.003
07-15-02:39:00	21	0	0	0.058	0.002	0.0399999999999991	0.350	0.002
07-15-02:40:00	20	0	0	0.058	0.002	0.0470000000000006	0.333	0.002
07-15-02:41:00	20	0	0	0.058	0.002	0.0439999999999969	0.333	0.002
07-15-02:42:00	20	0	0	0.058	0.002	0.0480000000000018	0.333	0.002
07-15-02:43:00	21	0	0	0.058	0.002	0.0450000000000017	0.350	0.002
07-15-02:44:00	21	0	0	0.058	0.002	0.041999999999998	0.350	0.002
07-15-02:45:00	20	0	0	0.058	0.002	0.0530000000000008	0.333	0.003
07-15-02:46:00	21	0	0	0.058	0.002	0.0440000000000005	0.350	0.002
07-15-02:47:00	20	0	0	0.058	0.002	0.0459999999999994	0.333	0.002
07-15-02:48:00	20	0	0	0.058	0.002	0.0489999999999995	0.333	0.002
07-15-02:49:00	21	0	0	0.058	0.002	0.0420000000000016	0.350	0.002
07-15-02:50:00	20	0	0	0.058	0.002	0.0599999999999987	0.333	0.003
07-15-02:51:00	21	0	0	0.058	0.002	0.0459999999999994	0.350	0.002
07-15-02:52:00	20	0	0	0.058	0.002	0.0659999999999989	0.333	0.003
07-15-02:53:00	21	0	0	0.058	0.002	0.0440000000000005	0.350	0.002
07-15-02:54:00	20	0	0	0.058	0.002	0.0429999999999993	0.333	0.002
07-15-02:55:00	20	0	0	0.058	0.002	0.049000000000003	0.333	0.002
07-15-02:56:00	21	0	0	0.058	0.002	0.0389999999999979	0.350	0.002
07-15-02:57:00	20	0	0	0.058	0.002	0.0560000000000009	0.333	0.003
07-15-02:58:00	20	0	0	0.058	0.002	0.0429999999999993	0.333	0.002
07-15-02:59:00	21	0	0	0.058	0.002	0.0429999999999993	0.350	0.002
07-15-03:00:00	21	0	0	0.058	0.002	0.0510000000000019	0.350	0.002
07-15-03:01:00	20	0	0	0.058	0.002	0.0530000000000008	0.333	0.003
07-15-03:02:00	21	0	0	0.058	0.002	0.0479999999999983	0.350	0.002
07-15-03:03:00	20	0	0	0.058	0.002	0.0450000000000017	0.333	0.002
07-15-03:04:00	21	0	0	0.058	0.002	0.0459999999999994	0.350	0.002
07-15-03:05:00	20	0	0	0.058	0.002	0.0479999999999983	0.333	0.002
07-15-03:06:00	21	0	0	0.058	0.002	0.0450000000000017	0.350	0.002
07-15-03:07:00	20	0	0	0.058	0.002	0.0429999999999993	0.333	0.002
07-15-03:08:00	21	0	0	0.058	0.002	0.0459999999999994	0.350	0.002
07-15-03:09:00	21	0	0	0.058	0.002	0.0450000000000017	0.350	0.002
07-15-03:10:00	20	0	0	0.058	0.002	0.0489999999999995	0.333	0.002
07-15-03:11:00	20	0	0	0.058	0.002	0.0489999999999995	0.333	0.002
07-15-03:12:00	20	0	0	0.058	0.002	0.0479999999999983	0.333	0.002
07-15-03:13:00	20	0	0	0.058	0.002	0.0420000000000016	0.333	0.002
07-15-03:14:00	21	0	0	0.058	0.002	0.0380000000000003	0.350	0.002
07-15-03:15:00	20	0	0	0.058	0.002	0.088000000000001	0.333	0.004
07-15-03:16:00	21	0	0	0.058	0.002	0.046999999999997	0.350	0.002
07-15-03:17:00	20	0	0	0.058	0.002	0.0450000000000017	0.333	0.002
07-15-03:18:00	21	0	0	0.058	0.002	0.0500000000000007	0.350	0.002
07-15-03:19:00	20	0	0	0.058	0.002	0.0449999999999982	0.333	0.002
07-15-03:20:00	21	0	0	0.058	0.002	0.0530000000000008	0.350	0.003
07-15-03:21:00	20	0	0	0.058	0.002	0.0440000000000005	0.333	0.002
07-15-03:22:00	21	0	0	0.058	0.002	0.0509999999999984	0.350	0.002
07-15-03:23:00	20	0	0	0.058	0.002	0.0470000000000006	0.333	0.002
07-15-03:24:00	21	0	0	0.058	0.002	0.0420000000000016	0.350	0.002
07-15-03:25:00	20	0	0	0.058	0.002	0.0459999999999994	0.333	0.002
07-15-03:26:00	21	0	0	0.058	0.002	0.0509999999999984	0.350	0.002
07-15-03:27:00	19	0	0	0.058	0.002	0.0520000000000032	0.317	0.003
07-15-03:28:00	21	0	0	0.058	0.002	0.0489999999999995	0.350	0.002
07-15-03:29:00	21	0	0	0.058	0.002	0.0449999999999982	0.350	0.002
07-15-03:30:00	21	0	0	0.058	0.002	0.0489999999999995	0.350	0.002
07-15-03:31:00	20	0	0	0.058	0.002	0.0450000000000017	0.333	0.002
07-15-03:32:00	21	0	0	0.058	0.002	0.0500000000000007	0.350	0.002
07-15-03:33:00	20	0	0	0.058	0.002	0.0519999999999996	0.333	0.003
07-15-03:34:00	21	0	0	0.058	0.002	0.036999999999999	0.350	0.002
07-15-03:35:00	20	0	0	0.058	0.002	0.0470000000000006	0.333	0.002
07-15-03:36:00	21	0	0	0.058	0.002	0.0459999999999994	0.350	0.002
07-15-03:37:00	20	0	0	0.058	0.002	0.0459999999999994	0.333	0.002
07-15-03:38:00	20	0	0	0.058	0.002	0.0500000000000007	0.333	0.003
07-15-03:39:00	21	0	0	0.058	0.002	0.0420000000000016	0.350	0.002
07-15-03:40:00	20	0	0	0.058	0.002	0.0529999999999973	0.333	0.003
07-15-03:41:00	20	0	0	0.058	0.002	0.0480000000000018	0.333	0.002
07-15-03:42:00	20	0	0	0.058	0.002	0.0730000000000004	0.333	0.004
07-15-03:43:00	21	0	0	0.058	0.002	0.0500000000000007	0.350	0.002
07-15-03:44:00	21	0	0	0.058	0.002	0.0409999999999968	0.350	0.002
07-15-03:45:00	20	0	0	0.058	0.002	0.0520000000000032	0.333	0.003
07-15-03:46:00	21	0	0	0.058	0.002	0.0459999999999994	0.350	0.002
07-15-03:47:00	19	0	0	0.058	0.002	0.0489999999999995	0.317	0.003
07-15-03:48:00	21	0	0	0.058	0.002	0.0509999999999984	0.350	0.002
07-15-03:49:00	20	0	0	0.058	0.002	0.0410000000000004	0.333	0.002
07-15-03:50:00	21	0	0	0.058	0.002	0.0489999999999995	0.350	0.002
07-15-03:51:00	19	0	0	0.058	0.002	0.0430000000000028	0.317	0.002
07-15-03:52:00	21	0	0	0.058	0.002	0.041999999999998	0.350	0.002
07-15-03:53:00	20	0	0	0.058	0.002	0.0450000000000017	0.333	0.002
07-15-03:54:00	21	0	0	0.058	0.002	0.0450000000000017	0.350	0.002
07-15-03:55:00	20	0	0	0.058	0.002	0.0599999999999952	0.333	0.003
07-15-03:56:00	21	0	0	0.058	0.002	0.0510000000000019	0.350	0.002
07-15-03:57:00	20	0	0	0.058	0.002	0.046999999999997	0.333	0.002
07-15-03:58:00	20	0	0	0.058	0.002	0.0480000000000018	0.333	0.002
07-15-03:59:00	21	0	0	0.058	0.002	0.0480000000000018	0.350	0.002
07-15-04:00:00	21	0	0	0.058	0.002	0.0670000000000002	0.350	0.003
07-15-04:01:00	20	0	0	0.058	0.002	0.0420000000000016	0.333	0.002
07-15-04:02:00	21	0	0	0.058	0.002	0.0479999999999947	0.350	0.002
07-15-04:03:00	20	0	0	0.058	0.002	0.0459999999999994	0.333	0.002
07-15-04:04:00	22	0	0	0.058	0.002	0.0420000000000016	0.367	0.002
07-15-04:05:00	20	0	0	0.058	0.002	0.0570000000000022	0.333	0.003
07-15-04:06:00	21	0	0	0.058	0.002	0.0439999999999969	0.350	0.002
07-15-04:07:00	20	0	0	0.058	0.002	0.0489999999999995	0.333	0.002
07-15-04:08:00	20	0	0	0.058	0.002	0.0420000000000016	0.333	0.002
07-15-04:09:00	21	0	0	0.058	0.002	0.0390000000000015	0.350	0.002
07-15-04:10:00	20	0	0	0.058	0.002	0.0499999999999972	0.333	0.002
07-15-04:11:00	21	0	0	0.058	0.002	0.0420000000000016	0.350	0.002
07-15-04:12:00	20	0	0	0.058	0.002	0.0459999999999994	0.333	0.002
07-15-04:13:00	21	0	0	0.058	0.002	0.0500000000000043	0.350	0.002
07-15-04:14:00	21	0	0	0.058	0.002	0.0449999999999946	0.350	0.002
07-15-04:15:00	20	0	0	0.058	0.002	0.0480000000000018	0.333	0.002
07-15-04:16:00	21	0	0	0.058	0.002	0.0489999999999995	0.350	0.002
07-15-04:17:00	20	0	0	0.058	0.002	0.0489999999999995	0.333	0.002
07-15-04:18:00	21	0	0	0.058	0.002	0.0519999999999996	0.350	0.002
07-15-04:19:00	20	0	0	0.058	0.002	0.0390000000000015	0.333	0.002
07-15-04:20:00	21	0	0	0.058	0.002	0.0450000000000017	0.350	0.002
07-15-04:21:00	19	0	0	0.058	0.002	0.0459999999999994	0.317	0.002
07-15-04:22:00	20	0	0	0.058	0.002	0.0489999999999995	0.333	0.002
07-15-04:23:00	21	0	0	0.058	0.002	0.0450000000000017	0.350	0.002
07-15-04:24:00	21	0	0	0.058	0.002	0.0459999999999994	0.350	0.002
07-15-04:25:00	20	0	0	0.058	0.002	0.0499999999999972	0.333	0.002
07-15-04:26:00	21	0	0	0.058	0.002	0.0480000000000018	0.350	0.002
07-15-04:27:00	20	0	0	0.058	0.002	0.0810000000000031	0.333	0.004
07-15-04:28:00	21	0	0	0.058	0.002	0.0519999999999996	0.350	0.002
07-15-04:29:00	21	0	0	0.058	0.002	0.0479999999999947	0.350	0.002
07-15-04:30:00	20	0	0	0.058	0.002	0.0430000000000064	0.333	0.002
07-15-04:31:00	20	0	0	0.058	0.002	0.046999999999997	0.333	0.002
07-15-04:32:00	21	0	0	0.058	0.002	0.0459999999999994	0.350	0.002
07-15-04:33:00	20	0	0	0.058	0.002	0.0390000000000015	0.333	0.002
07-15-04:34:00	21	0	0	0.058	0.002	0.0429999999999993	0.350	0.002
07-15-04:35:00	20	0	0	0.058	0.002	0.054000000000002	0.333	0.003
07-15-04:36:00	21	0	0	0.058	0.002	0.0429999999999993	0.350	0.002
07-15-04:37:00	20	0	0	0.058	0.002	0.0529999999999973	0.333	0.003
07-15-04:38:00	21	0	0	0.058	0.002	0.0489999999999995	0.350	0.002
07-15-04:39:00	20	0	0	0.058	0.002	0.0399999999999991	0.333	0.002
07-15-04:40:00	20	0	0	0.058	0.002	0.0650000000000048	0.333	0.003
07-15-04:41:00	21	0	0	0.058	0.002	0.0449999999999946	0.350	0.002
07-15-04:42:00	20	0	0	0.058	0.002	0.0490000000000066	0.333	0.002
07-15-04:43:00	21	0	0	0.058	0.002	0.0489999999999995	0.350	0.002
07-15-04:44:00	21	0	0	0.058	0.002	0.0399999999999991	0.350	0.002
07-15-04:45:00	20	0	0	0.058	0.002	0.0499999999999972	0.333	0.002
07-15-04:46:00	20	0	0	0.058	0.002	0.0429999999999993	0.333	0.002
07-15-04:47:00	21	0	0	0.058	0.002	0.0480000000000018	0.350	0.002
07-15-04:48:00	20	0	0	0.058	0.002	0.0529999999999973	0.333	0.003
07-15-04:49:00	21	0	0	0.058	0.002	0.044000000000004	0.350	0.002
07-15-04:50:00	21	0	0	0.058	0.002	0.0499999999999972	0.350	0.002
07-15-04:51:00	20	0	0	0.058	0.002	0.0470000000000041	0.333	0.002
07-15-04:52:00	21	0	0	0.058	0.002	0.0689999999999955	0.350	0.003
07-15-04:53:00	20	0	0	0.058	0.002	0.0450000000000017	0.333	0.002
07-15-04:54:00	21	0	0	0.058	0.002	0.0459999999999994	0.350	0.002
07-15-04:55:00	20	0	0	0.058	0.002	0.0529999999999973	0.333	0.003
07-15-04:56:00	19	0	0	0.058	0.002	0.0430000000000064	0.317	0.002
07-15-04:57:00	20	0	0	0.058	0.002	0.0559999999999974	0.333	0.003
07-15-04:58:00	20	0	0	0.058	0.002	0.0429999999999993	0.333	0.002
07-15-04:59:00	21	0	0	0.058	0.002	0.0439999999999969	0.350	0.002
07-15-05:00:00	20	0	0	0.058	0.002	0.0450000000000017	0.333	0.002
07-15-05:01:00	20	0	0	0.058	0.002	0.0450000000000017	0.333	0.002
07-15-05:02:00	21	0	0	0.058	0.002	0.0619999999999976	0.350	0.003
07-15-05:03:00	20	0	0	0.058	0.002	0.0459999999999994	0.333	0.002
07-15-05:04:00	21	0	0	0.058	0.002	0.0470000000000041	0.350	0.002
07-15-05:05:00	20	0	0	0.058	0.002	0.0570000000000022	0.333	0.003
07-15-05:06:00	20	0	0	0.058	0.002	0.0459999999999994	0.333	0.002
07-15-05:07:00	20	0	0	0.058	0.002	0.0529999999999973	0.333	0.003
07-15-05:08:00	21	0	0	0.058	0.002	0.0459999999999994	0.350	0.002
07-15-05:09:00	21	0	0	0.058	0.002	0.0429999999999993	0.350	0.002
07-15-05:10:00	20	0	0	0.058	0.002	0.0459999999999994	0.333	0.002
07-15-05:11:00	21	0	0	0.058	0.002	0.0459999999999994	0.350	0.002
07-15-05:12:00	20	0	0	0.058	0.002	0.0480000000000018	0.333	0.002
07-15-05:13:00	20	0	0	0.058	0.002	0.0470000000000041	0.333	0.002
07-15-05:14:00	21	0	0	0.058	0.002	0.0379999999999967	0.350	0.002
07-15-05:15:00	20	0	0	0.058	0.002	0.0549999999999997	0.333	0.003
07-15-05:16:00	20	0	0	0.058	0.002	0.0459999999999994	0.333	0.002
07-15-05:17:00	21	0	0	0.058	0.002	0.0500000000000043	0.350	0.002
07-15-05:18:00	21	0	0	0.058	0.002	0.0489999999999995	0.350	0.002
07-15-05:19:00	20	0	0	0.058	0.002	0.0449999999999946	0.333	0.002
07-15-05:20:00	20	0	0	0.058	0.002	0.0640000000000001	0.333	0.003
07-15-05:21:00	20	0	0	0.058	0.002	0.0480000000000018	0.333	0.002
07-15-05:22:00	21	0	0	0.058	0.002	0.0510000000000019	0.350	0.002
07-15-05:23:00	20	0	0	0.058	0.002	0.0459999999999994	0.333	0.002
07-15-05:24:00	21	0	0	0.058	0.002	0.0429999999999993	0.350	0.002
07-15-05:25:00	19	0	0	0.058	0.002	0.0450000000000017	0.317	0.002
07-15-05:26:00	21	0	0	0.058	0.002	0.0459999999999994	0.350	0.002
07-15-05:27:00	20	0	0	0.058	0.002	0.0630000000000024	0.333	0.003
07-15-05:28:00	21	0	0	0.058	0.002	0.0529999999999973	0.350	0.003
07-15-05:29:00	19	0	0	0.058	0.002	0.0399999999999991	0.317	0.002
07-15-05:30:00	20	0	0	0.058	0.002	0.0549999999999997	0.333	0.003
07-15-05:31:00	21	0	0	0.058	0.002	0.0450000000000017	0.350	0.002
07-15-05:32:00	20	0	0	0.058	0.002	0.0679999999999978	0.333	0.003
07-15-05:33:00	20	0	0	0.058	0.002	0.0429999999999993	0.333	0.002
07-15-05:34:00	21	0	0	0.058	0.002	0.0420000000000016	0.350	0.002
07-15-05:35:00	20	0	0	0.058	0.002	0.0510000000000019	0.333	0.003
07-15-05:36:00	21	0	0	0.058	0.002	0.0489999999999995	0.350	0.002
07-15-05:37:00	20	0	0	0.058	0.002	0.0529999999999973	0.333	0.003
07-15-05:38:00	21	0	0	0.058	0.002	0.0500000000000043	0.350	0.002
07-15-05:39:00	19	0	0	0.058	0.002	0.036999999999999	0.317	0.002
07-15-05:40:00	20	0	0	0.058	0.002	0.0509999999999948	0.333	0.003
07-15-05:41:00	21	0	0	0.058	0.002	0.0480000000000018	0.350	0.002
07-15-05:42:00	20	0	0	0.058	0.002	0.0560000000000045	0.333	0.003
07-15-05:43:00	21	0	0	0.058	0.002	0.0449999999999946	0.350	0.002
07-15-05:44:00	21	0	0	0.058	0.002	0.0429999999999993	0.350	0.002
07-15-05:45:00	20	0	0	0.058	0.002	0.0630000000000024	0.333	0.003
07-15-05:46:00	20	0	0	0.058	0.002	0.0480000000000018	0.333	0.002
07-15-05:47:00	20	0	0	0.058	0.002	0.0519999999999996	0.333	0.003
07-15-05:48:00	20	0	0	0.058	0.002	0.0459999999999994	0.333	0.002
07-15-05:49:00	21	0	0	0.058	0.002	0.0399999999999991	0.350	0.002
07-15-05:50:00	20	0	0	0.058	0.002	0.0519999999999996	0.333	0.003
07-15-05:51:00	20	0	0	0.058	0.002	0.0489999999999995	0.333	0.002
07-15-05:52:00	20	0	0	0.058	0.002	0.0480000000000018	0.333	0.002
07-15-05:53:00	21	0	0	0.058	0.002	0.0420000000000016	0.350	0.002
07-15-05:54:00	21	0	0	0.058	0.002	0.0479999999999947	0.350	0.002
07-15-05:55:00	20	0	0	0.058	0.002	0.0520000000000067	0.333	0.003
07-15-05:56:00	21	0	0	0.058	0.002	0.0479999999999947	0.350	0.002
07-15-05:57:00	19	0	0	0.058	0.002	0.0399999999999991	0.317	0.002
07-15-05:58:00	21	0	0	0.058	0.002	0.0470000000000041	0.350	0.002
07-15-05:59:00	21	0	0	0.058	0.002	0.0409999999999968	0.350	0.002
07-15-06:00:00	20	0	0	0.058	0.002	0.0680000000000049	0.333	0.003
07-15-06:01:00	20	0	0	0.058	0.002	0.0429999999999993	0.333	0.002
07-15-06:02:00	21	0	0	0.058	0.002	0.0559999999999974	0.350	0.003
07-15-06:03:00	18	0	0	0.058	0.002	0.0420000000000016	0.300	0.002
07-15-06:04:00	21	0	0	0.058	0.002	0.0409999999999968	0.350	0.002
07-15-06:05:00	20	0	0	0.058	0.002	0.0530000000000044	0.333	0.003
07-15-06:06:00	21	0	0	0.058	0.002	0.0439999999999969	0.350	0.002
07-15-06:07:00	19	0	0	0.058	0.002	0.0510000000000019	0.317	0.003
07-15-06:08:00	21	0	0	0.058	0.002	0.0420000000000016	0.350	0.002
07-15-06:09:00	19	0	0	0.058	0.002	0.036999999999999	0.317	0.002
07-15-06:10:00	20	0	0	0.058	0.002	0.0489999999999995	0.333	0.002
07-15-06:11:00	21	0	0	0.058	0.002	0.0489999999999995	0.350	0.002
07-15-06:12:00	20	0	0	0.058	0.002	0.0700000000000003	0.333	0.004
07-15-06:13:00	21	0	0	0.058	0.002	0.0499999999999972	0.350	0.002
07-15-06:14:00	21	0	0	0.058	0.002	0.0410000000000039	0.350	0.002
07-15-06:15:00	20	0	0	0.058	0.002	0.0429999999999993	0.333	0.002
07-15-06:16:00	20	0	0	0.058	0.002	0.0539999999999949	0.333	0.003
07-15-06:17:00	21	0	0	0.058	0.002	0.0740000000000052	0.350	0.004
07-15-06:18:00	20	0	0	0.058	0.002	0.0439999999999969	0.333	0.002
07-15-06:19:00	21	0	0	0.058	0.002	0.0450000000000017	0.350	0.002
07-15-06:20:00	20	0	0	0.058	0.002	0.0489999999999995	0.333	0.002
07-15-06:21:00	20	0	0	0.058	0.002	0.0450000000000017	0.333	0.002
07-15-06:22:00	21	0	0	0.058	0.002	0.0499999999999972	0.350	0.002
07-15-06:23:00	20	0	0	0.058	0.002	0.0470000000000041	0.333	0.002
07-15-06:24:00	21	0	0	0.058	0.002	0.0459999999999994	0.350	0.002
07-15-06:25:00	20	0	0	0.059	0.002	0.105999999999995	0.333	0.005
07-15-06:26:00	20	0	0	0.059	0.002	0.044000000000004	0.333	0.002
07-15-06:27:00	20	0	0	0.059	0.002	0.0519999999999996	0.333	0.003
07-15-06:28:00	21	0	0	0.059	0.002	0.0529999999999973	0.350	0.003
07-15-06:29:00	21	0	0	0.059	0.002	0.0510000000000019	0.350	0.002
07-15-06:30:00	21	0	0	0.059	0.002	0.0600000000000023	0.350	0.003
07-15-06:31:00	20	0	0	0.059	0.002	0.0499999999999972	0.333	0.002
07-15-06:32:00	21	0	0	0.059	0.002	0.0489999999999995	0.350	0.002
07-15-06:33:00	20	0	0	0.059	0.002	0.0390000000000015	0.333	0.002
07-15-06:34:00	20	0	0	0.059	0.002	0.0439999999999969	0.333	0.002
07-15-06:35:00	20	0	0	0.059	0.002	0.0560000000000045	0.333	0.003
07-15-06:36:00	21	0	0	0.059	0.002	0.0480000000000018	0.350	0.002
07-15-06:37:00	20	0	0	0.059	0.002	0.0489999999999995	0.333	0.002
07-15-06:38:00	21	0	0	0.059	0.002	0.0519999999999996	0.350	0.002
07-15-06:39:00	21	0	0	0.059	0.002	0.0499999999999972	0.350	0.002
07-15-06:40:00	20	0	0	0.059	0.002	0.0640000000000001	0.333	0.003
07-15-06:41:00	20	0	0	0.059	0.002	0.046999999999997	0.333	0.002
07-15-06:42:00	20	0	0	0.059	0.002	0.0450000000000017	0.333	0.002
07-15-06:43:00	21	0	0	0.059	0.002	0.0459999999999994	0.350	0.002
07-15-06:44:00	21	0	0	0.059	0.002	0.0410000000000039	0.350	0.002
07-15-06:45:00	20	0	0	0.059	0.002	0.0420000000000016	0.333	0.002
07-15-06:46:00	21	0	0	0.059	0.002	0.0509999999999948	0.350	0.002
07-15-06:47:00	20	0	0	0.059	0.002	0.0500000000000043	0.333	0.003
07-15-06:48:00	20	0	0	0.059	0.002	0.0419999999999945	0.333	0.002
07-15-06:49:00	21	0	0	0.059	0.002	0.0450000000000017	0.350	0.002
07-15-06:50:00	20	0	0	0.059	0.002	0.0500000000000043	0.333	0.003
07-15-06:51:00	20	0	0	0.059	0.002	0.0459999999999994	0.333	0.002
07-15-06:52:00	21	0	0	0.059	0.002	0.0479999999999947	0.350	0.002
07-15-06:53:00	20	0	0	0.059	0.002	0.0410000000000039	0.333	0.002
07-15-06:54:00	21	0	0	0.059	0.002	0.0390000000000015	0.350	0.002
07-15-06:55:00	20	0	0	0.059	0.002	0.0489999999999995	0.333	0.002
07-15-06:56:00	20	0	0	0.059	0.002	0.0450000000000017	0.333	0.002
07-15-06:57:00	20	0	0	0.059	0.002	0.046999999999997	0.333	0.002
07-15-06:58:00	21	0	0	0.059	0.002	0.0459999999999994	0.350	0.002
07-15-06:59:00	20	0	0	0.059	0.002	0.0450000000000017	0.333	0.002
07-15-07:00:00	21	0	0	0.059	0.002	0.0549999999999997	0.350	0.003
07-15-07:01:00	20	0	0	0.059	0.002	0.0429999999999993	0.333	0.002
07-15-07:02:00	21	0	0	0.059	0.002	0.0630000000000024	0.350	0.003
07-15-07:03:00	20	0	0	0.059	0.002	0.0429999999999993	0.333	0.002
07-15-07:04:00	21	0	0	0.059	0.002	0.0499999999999972	0.350	0.002
07-15-07:05:00	20	0	0	0.059	0.002	0.0720000000000027	0.333	0.004
07-15-07:06:00	20	0	0	0.059	0.002	0.0439999999999969	0.333	0.002
07-15-07:07:00	21	0	0	0.059	0.002	0.054000000000002	0.350	0.003
07-15-07:08:00	21	0	0	0.059	0.002	0.0480000000000018	0.350	0.002
07-15-07:09:00	21	0	0	0.059	0.002	0.0429999999999993	0.350	0.002
07-15-07:10:00	20	0	0	0.059	0.002	0.0429999999999993	0.333	0.002
07-15-07:11:00	21	0	0	0.059	0.002	0.0450000000000017	0.350	0.002
07-15-07:12:00	20	0	0	0.059	0.002	0.0640000000000001	0.333	0.003
07-15-07:13:00	20	0	0	0.059	0.002	0.0449999999999946	0.333	0.002
07-15-07:14:00	21	0	0	0.059	0.002	0.044000000000004	0.350	0.002
07-15-07:15:00	20	0	0	0.059	0.002	0.0509999999999948	0.333	0.003
07-15-07:16:00	20	0	0	0.059	0.002	0.0490000000000066	0.333	0.002
07-15-07:17:00	20	0	0	0.059	0.002	0.0589999999999975	0.333	0.003
07-15-07:18:00	20	0	0	0.059	0.002	0.0459999999999994	0.333	0.002
07-15-07:19:00	21	0	0	0.059	0.002	0.0459999999999994	0.350	0.002
07-15-07:20:00	21	0	0	0.059	0.002	0.0549999999999997	0.350	0.003
07-15-07:21:00	19	0	0	0.059	0.002	0.0470000000000041	0.317	0.002
07-15-07:22:00	21	0	0	0.059	0.002	0.0489999999999995	0.350	0.002
07-15-07:23:00	21	0	0	0.059	0.002	0.0479999999999947	0.350	0.002
07-15-07:24:00	21	0	0	0.059	0.002	0.0410000000000039	0.350	0.002
07-15-07:25:00	19	0	0	0.059	0.002	0.0510000000000019	0.317	0.003
07-15-07:26:00	21	0	0	0.059	0.002	0.046999999999997	0.350	0.002
07-15-07:27:00	20	0	0	0.059	0.002	0.0489999999999995	0.333	0.002
07-15-07:28:00	21	0	0	0.059	0.002	0.0499999999999972	0.350	0.002
07-15-07:29:00	21	0	0	0.059	0.002	0.0420000000000016	0.350	0.002
07-15-07:30:00	20	0	0	0.059	0.002	0.0579999999999998	0.333	0.003
07-15-07:31:00	21	0	0	0.059	0.002	0.054000000000002	0.350	0.003
07-15-07:32:00	20	0	0	0.059	0.002	0.0670000000000002	0.333	0.003
07-15-07:33:00	20	0	0	0.059	0.002	0.0459999999999994	0.333	0.002
07-15-07:34:00	21	0	0	0.059	0.002	0.0439999999999969	0.350	0.002
07-15-07:35:00	20	0	0	0.059	0.002	0.0630000000000024	0.333	0.003
07-15-07:36:00	20	0	0	0.059	0.002	0.0420000000000016	0.333	0.002
07-15-07:37:00	21	0	0	0.059	0.002	0.0499999999999972	0.350	0.002
07-15-07:38:00	21	0	0	0.059	0.002	0.0450000000000017	0.350	0.002
07-15-07:39:00	20	0	0	0.059	0.002	0.036999999999999	0.333	0.002
07-15-07:40:00	20	0	0	0.059	0.002	0.0489999999999995	0.333	0.002
07-15-07:41:00	21	0	0	0.059	0.002	0.0450000000000017	0.350	0.002
07-15-07:42:00	20	0	0	0.059	0.002	0.046999999999997	0.333	0.002
07-15-07:43:00	20	0	0	0.059	0.002	0.0480000000000018	0.333	0.002
07-15-07:44:00	21	0	0	0.059	0.002	0.0429999999999993	0.350	0.002
07-15-07:45:00	20	0	0	0.059	0.002	0.054000000000002	0.333	0.003
07-15-07:46:00	20	0	0	0.059	0.002	0.0459999999999994	0.333	0.002
07-15-07:47:00	20	0	0	0.059	0.002	0.0499999999999972	0.333	0.002
07-15-07:48:00	21	0	0	0.059	0.002	0.0520000000000067	0.350	0.002
07-15-07:49:00	20	0	0	0.059	0.002	0.0419999999999945	0.333	0.002
07-15-07:50:00	21	0	0	0.059	0.002	0.0480000000000018	0.350	0.002
07-15-07:51:00	20	0	0	0.059	0.002	0.0420000000000016	0.333	0.002
07-15-07:52:00	20	0	0	0.059	0.002	0.0570000000000022	0.333	0.003
07-15-07:53:00	21	0	0	0.059	0.002	0.0449999999999946	0.350	0.002
07-15-07:54:00	21	0	0	0.059	0.002	0.0450000000000017	0.350	0.002
07-15-07:55:00	19	0	0	0.059	0.002	0.0549999999999997	0.317	0.003
07-15-07:56:00	21	0	0	0.059	0.002	0.0499999999999972	0.350	0.002
07-15-07:57:00	20	0	0	0.059	0.002	0.0620000000000047	0.333	0.003
07-15-07:58:00	21	0	0	0.059	0.002	0.0529999999999973	0.350	0.003
07-15-07:59:00	21	0	0	0.059	0.002	0.0450000000000017	0.350	0.002
07-15-08:00:00	20	0	0	0.059	0.002	0.0519999999999996	0.333	0.003
07-15-08:01:00	20	0	0	0.059	0.002	0.0480000000000018	0.333	0.002
07-15-08:02:00	20	0	0	0.059	0.002	0.0489999999999995	0.333	0.002
07-15-08:03:00	20	0	0	0.059	0.002	0.0450000000000017	0.333	0.002
07-15-08:04:00	22	0	0	0.059	0.002	0.0449999999999946	0.367	0.002
07-15-08:05:00	19	0	0	0.059	0.002	0.0510000000000019	0.317	0.003
07-15-08:06:00	20	0	0	0.059	0.002	0.0450000000000017	0.333	0.002
07-15-08:07:00	20	0	0	0.059	0.002	0.046999999999997	0.333	0.002
07-15-08:08:00	21	0	0	0.059	0.002	0.0510000000000019	0.350	0.002
07-15-08:09:00	20	0	0	0.059	0.002	0.0450000000000017	0.333	0.002
07-15-08:10:00	20	0	0	0.059	0.002	0.0529999999999973	0.333	0.003
07-15-08:11:00	21	0	0	0.059	0.002	0.0480000000000018	0.350	0.002
07-15-08:12:00	20	0	0	0.059	0.002	0.0429999999999993	0.333	0.002
07-15-08:13:00	21	0	0	0.059	0.002	0.0420000000000016	0.350	0.002
07-15-08:14:00	21	0	0	0.059	0.002	0.0449999999999946	0.350	0.002
07-15-08:15:00	20	0	0	0.059	0.002	0.0580000000000069	0.333	0.003
07-15-08:16:00	21	0	0	0.059	0.002	0.0499999999999972	0.350	0.002
07-15-08:17:00	20	0	0	0.059	0.002	0.0480000000000018	0.333	0.002
07-15-08:18:00	21	0	0	0.059	0.002	0.0569999999999951	0.350	0.003
07-15-08:19:00	20	0	0	0.059	0.002	0.0459999999999994	0.333	0.002
07-15-08:20:00	21	0	0	0.059	0.002	0.0520000000000067	0.350	0.002
07-15-08:21:00	20	0	0	0.059	0.002	0.0439999999999969	0.333	0.002
07-15-08:22:00	20	0	0	0.059	0.002	0.0459999999999994	0.333	0.002
07-15-08:23:00	21	0	0	0.059	0.002	0.0499999999999972	0.350	0.002
07-15-08:24:00	21	0	0	0.059	0.002	0.0370000000000061	0.350	0.002
07-15-08:25:00	20	0	0	0.059	0.002	0.046999999999997	0.333	0.002
07-15-08:26:00	20	0	0	0.059	0.002	0.0420000000000016	0.333	0.002
07-15-08:27:00	20	0	0	0.059	0.002	0.046999999999997	0.333	0.002
07-15-08:28:00	21	0	0	0.059	0.002	0.0459999999999994	0.350	0.002
07-15-08:29:00	19	0	0	0.059	0.002	0.0399999999999991	0.317	0.002
07-15-08:30:00	20	0	0	0.059	0.002	0.0519999999999996	0.333	0.003
07-15-08:31:00	21	0	0	0.059	0.002	0.0460000000000065	0.350	0.002
07-15-08:32:00	20	0	0	0.059	0.002	0.0799999999999983	0.333	0.004
07-15-08:33:00	20	0	0	0.059	0.002	0.046999999999997	0.333	0.002
07-15-08:34:00	21	0	0	0.059	0.002	0.0429999999999993	0.350	0.002
07-15-08:35:00	20	0	0	0.059	0.002	0.0470000000000041	0.333	0.002
07-15-08:36:00	21	0	0	0.059	0.002	0.0479999999999947	0.350	0.002
07-15-08:37:00	20	0	0	0.059	0.002	0.0450000000000017	0.333	0.002
07-15-08:38:00	21	0	0	0.059	0.002	0.0489999999999995	0.350	0.002
07-15-08:39:00	20	0	0	0.059	0.002	0.0350000000000037	0.333	0.002
07-15-08:40:00	21	0	0	0.059	0.002	0.0509999999999948	0.350	0.002
07-15-08:41:00	20	0	0	0.059	0.002	0.0500000000000043	0.333	0.003
07-15-08:42:00	20	0	0	0.059	0.002	0.0420000000000016	0.333	0.002
07-15-08:43:00	20	0	0	0.059	0.002	0.0459999999999994	0.333	0.002
07-15-08:44:00	21	0	0	0.059	0.002	0.0459999999999994	0.350	0.002
07-15-08:45:00	20	0	0	0.059	0.002	0.0589999999999975	0.333	0.003
07-15-08:46:00	20	0	0	0.059	0.002	0.0489999999999995	0.333	0.002
07-15-08:47:00	20	0	0	0.059	0.002	0.0690000000000026	0.333	0.003
07-15-08:48:00	21	0	0	0.059	0.002	0.046999999999997	0.350	0.002
07-15-08:49:00	20	0	0	0.059	0.002	0.0459999999999994	0.333	0.002
07-15-08:50:00	21	0	0	0.059	0.002	0.0450000000000017	0.350	0.002
07-15-08:51:00	20	0	0	0.059	0.002	0.0459999999999994	0.333	0.002
07-15-08:52:00	20	0	0	0.059	0.002	0.0560000000000045	0.333	0.003
07-15-08:53:00	21	0	0	0.059	0.002	0.0419999999999945	0.350	0.002
07-15-08:54:00	21	0	0	0.059	0.002	0.0450000000000017	0.350	0.002
07-15-08:55:00	19	0	0	0.059	0.002	0.0609999999999999	0.317	0.003
07-15-08:56:00	21	0	0	0.059	0.002	0.0489999999999995	0.350	0.002
07-15-08:57:00	20	0	0	0.059	0.002	0.0410000000000039	0.333	0.002
07-15-08:58:00	20	0	0	0.059	0.002	0.046999999999997	0.333	0.002
07-15-08:59:00	21	0	0	0.059	0.002	0.0450000000000017	0.350	0.002
07-15-09:00:00	20	0	0	0.059	0.002	0.0589999999999975	0.333	0.003
07-15-09:01:00	21	0	0	0.059	0.002	0.0459999999999994	0.350	0.002
07-15-09:02:00	20	0	0	0.059	0.002	0.0500000000000043	0.333	0.003
07-15-09:03:00	20	0	0	0.059	0.002	0.0459999999999994	0.333	0.002
07-15-09:04:00	21	0	0	0.059	0.002	0.046999999999997	0.350	0.002
07-15-09:05:00	21	0	0	0.059	0.002	0.0510000000000019	0.350	0.002
07-15-09:06:00	21	0	0	0.059	0.002	0.0519999999999996	0.350	0.002
07-15-09:07:00	20	0	0	0.059	0.002	0.0409999999999968	0.333	0.002
07-15-09:08:00	20	0	0	0.059	0.002	0.0410000000000039	0.333	0.002
07-15-09:09:00	21	0	0	0.059	0.002	0.0420000000000016	0.350	0.002
07-15-09:10:00	20	0	0	0.059	0.002	0.0429999999999993	0.333	0.002
07-15-09:11:00	21	0	0	0.059	0.002	0.0439999999999969	0.350	0.002
07-15-09:12:00	20	0	0	0.059	0.002	0.0630000000000024	0.333	0.003
07-15-09:13:00	20	0	0	0.059	0.002	0.0480000000000018	0.333	0.002
07-15-09:14:00	21	0	0	0.059	0.002	0.0439999999999969	0.350	0.002
07-15-09:15:00	20	0	0	0.059	0.002	0.0450000000000017	0.333	0.002
07-15-09:16:00	20	0	0	0.059	0.002	0.046999999999997	0.333	0.002
07-15-09:17:00	19	0	0	0.059	0.002	0.0380000000000038	0.317	0.002
07-15-09:18:00	21	0	0	0.059	0.002	0.0499999999999972	0.350	0.002
07-15-09:19:00	20	0	0	0.059	0.002	0.0439999999999969	0.333	0.002
07-15-09:20:00	21	0	0	0.059	0.002	0.0630000000000024	0.350	0.003
07-15-09:21:00	20	0	0	0.059	0.002	0.0429999999999993	0.333	0.002
07-15-09:22:00	21	0	0	0.059	0.002	0.0500000000000043	0.350	0.002
07-15-09:23:00	20	0	0	0.059	0.002	0.046999999999997	0.333	0.002
07-15-09:24:00	21	0	0	0.059	0.002	0.044000000000004	0.350	0.002
07-15-09:25:00	20	0	0	0.059	0.002	0.0439999999999969	0.333	0.002
07-15-09:26:00	21	0	0	0.059	0.002	0.0429999999999993	0.350	0.002
07-15-09:27:00	20	0	0	0.059	0.002	0.0700000000000003	0.333	0.004
07-15-09:28:00	21	0	0	0.059	0.002	0.0489999999999995	0.350	0.002
07-15-09:29:00	20	0	0	0.059	0.002	0.0450000000000017	0.333	0.002
07-15-09:30:00	20	0	0	0.059	0.002	0.0459999999999994	0.333	0.002
07-15-09:31:00	21	0	0	0.059	0.002	0.0480000000000018	0.350	0.002
07-15-09:32:00	21	0	0	0.059	0.002	0.0549999999999997	0.350	0.003
07-15-09:33:00	20	0	0	0.059	0.002	0.0419999999999945	0.333	0.002
07-15-09:34:00	20	0	0	0.059	0.002	0.044000000000004	0.333	0.002
07-15-09:35:00	20	0	0	0.059	0.002	0.0529999999999973	0.333	0.003
07-15-09:36:00	20	0	0	0.059	0.002	0.0500000000000043	0.333	0.003
07-15-09:37:00	20	0	0	0.059	0.002	0.0499999999999972	0.333	0.002
07-15-09:38:00	21	0	0	0.059	0.002	0.0459999999999994	0.350	0.002
07-15-09:39:00	20	0	0	0.059	0.002	0.0450000000000017	0.333	0.002
07-15-09:40:00	21	0	0	0.059	0.002	0.0510000000000019	0.350	0.002
07-15-09:41:00	20	0	0	0.059	0.002	0.0439999999999969	0.333	0.002
07-15-09:42:00	20	0	0	0.059	0.002	0.0510000000000019	0.333	0.003
07-15-09:43:00	19	0	0	0.059	0.002	0.0459999999999994	0.317	0.002
07-15-09:44:00	21	0	0	0.059	0.002	0.0459999999999994	0.350	0.002
07-15-09:45:00	20	0	0	0.059	0.002	0.0640000000000001	0.333	0.003
07-15-09:46:00	20	0	0	0.059	0.002	0.0459999999999994	0.333	0.002
07-15-09:47:00	21	0	0	0.059	0.002	0.054000000000002	0.350	0.003
07-15-09:48:00	21	0	0	0.059	0.002	0.0499999999999972	0.350	0.002
07-15-09:49:00	21	0	0	0.059	0.002	0.0459999999999994	0.350	0.002
07-15-09:50:00	20	0	0	0.059	0.002	0.0549999999999997	0.333	0.003
07-15-09:51:00	20	0	0	0.059	0.002	0.044000000000004	0.333	0.002
07-15-09:52:00	21	0	0	0.059	0.002	0.0480000000000018	0.350	0.002
07-15-09:53:00	20	0	0	0.059	0.002	0.046999999999997	0.333	0.002
07-15-09:54:00	21	0	0	0.059	0.002	0.046999999999997	0.350	0.002
07-15-09:55:00	20	0	0	0.059	0.002	0.0530000000000044	0.333	0.003
07-15-09:56:00	21	0	0	0.059	0.002	0.0579999999999998	0.350	0.003
07-15-09:57:00	20	0	0	0.059	0.002	0.0420000000000016	0.333	0.002
07-15-09:58:00	20	0	0	0.059	0.002	0.0549999999999997	0.333	0.003
07-15-09:59:00	21	0	0	0.059	0.002	0.0409999999999968	0.350	0.002
07-15-10:00:00	20	0	0	0.059	0.002	0.0519999999999996	0.333	0.003
07-15-10:01:00	20	0	0	0.059	0.002	0.0390000000000015	0.333	0.002
07-15-10:02:00	21	0	0	0.059	0.002	0.0510000000000019	0.350	0.002
07-15-10:03:00	21	0	0	0.059	0.002	0.046999999999997	0.350	0.002
07-15-10:04:00	21	0	0	0.059	0.002	0.0420000000000016	0.350	0.002
07-15-10:05:00	20	0	0	0.059	0.002	0.0959999999999965	0.333	0.005
07-15-10:06:00	20	0	0	0.059	0.002	0.054000000000002	0.333	0.003
07-15-10:07:00	20	0	0	0.059	0.002	0.0519999999999996	0.333	0.003
07-15-10:08:00	21	0	0	0.059	0.002	0.0439999999999969	0.350	0.002
07-15-10:09:00	21	0	0	0.059	0.002	0.0470000000000041	0.350	0.002
07-15-10:10:00	20	0	0	0.059	0.002	0.0450000000000017	0.333	0.002
07-15-10:11:00	21	0	0	0.059	0.002	0.0439999999999969	0.350	0.002
07-15-10:12:00	20	0	0	0.059	0.002	0.0459999999999994	0.333	0.002
07-15-10:13:00	20	0	0	0.059	0.002	0.0459999999999994	0.333	0.002
07-15-10:14:00	22	0	0	0.059	0.002	0.0470000000000041	0.367	0.002
07-15-10:15:00	19	0	0	0.059	0.002	0.0549999999999997	0.317	0.003
07-15-10:16:00	21	0	0	0.059	0.002	0.0489999999999995	0.350	0.002
07-15-10:17:00	20	0	0	0.059	0.002	0.0899999999999963	0.333	0.004
07-15-10:18:00	20	0	0	0.059	0.002	0.0420000000000016	0.333	0.002
07-15-10:19:00	21	0	0	0.059	0.002	0.0499999999999972	0.350	0.002
07-15-10:20:00	20	0	0	0.059	0.002	0.0620000000000047	0.333	0.003
07-15-10:21:00	20	0	0	0.059	0.002	0.0559999999999974	0.333	0.003
07-15-10:22:00	21	0	0	0.059	0.002	0.0570000000000022	0.350	0.003
07-15-10:23:00	20	0	0	0.059	0.002	0.0459999999999994	0.333	0.002
07-15-10:24:00	21	0	0	0.059	0.002	0.0450000000000017	0.350	0.002
07-15-10:25:00	20	0	0	0.059	0.002	0.0529999999999973	0.333	0.003
07-15-10:26:00	21	0	0	0.059	0.002	0.0470000000000041	0.350	0.002
07-15-10:27:00	20	0	0	0.059	0.002	0.0559999999999974	0.333	0.003
07-15-10:28:00	21	0	0	0.059	0.002	0.0480000000000018	0.350	0.002
07-15-10:29:00	21	0	0	0.059	0.002	0.0449999999999946	0.350	0.002
07-15-10:30:00	20	0	0	0.059	0.002	0.0740000000000052	0.333	0.004
07-15-10:31:00	20	0	0	0.059	0.002	0.0519999999999996	0.333	0.003
07-15-10:32:00	20	0	0	0.059	0.002	0.0519999999999996	0.333	0.003
07-15-10:33:00	21	0	0	0.059	0.002	0.0459999999999994	0.350	0.002
07-15-10:34:00	20	0	0	0.059	0.002	0.0480000000000018	0.333	0.002
07-15-10:35:00	21	0	0	0.059	0.002	0.0499999999999972	0.350	0.002
07-15-10:36:00	20	0	0	0.059	0.002	0.0489999999999995	0.333	0.002
07-15-10:37:00	21	0	0	0.059	0.002	0.0499999999999972	0.350	0.002
07-15-10:38:00	20	0	0	0.059	0.002	0.044000000000004	0.333	0.002
07-15-10:39:00	21	0	0	0.059	0.002	0.0429999999999993	0.350	0.002
07-15-10:40:00	20	0	0	0.059	0.002	0.0459999999999994	0.333	0.002
07-15-10:41:00	21	0	0	0.059	0.002	0.0429999999999993	0.350	0.002
07-15-10:42:00	21	0	0	0.059	0.002	0.044000000000004	0.350	0.002
07-15-10:43:00	20	0	0	0.059	0.002	0.0479999999999947	0.333	0.002
07-15-10:44:00	21	0	0	0.059	0.002	0.0429999999999993	0.350	0.002
07-15-10:45:00	20	0	0	0.059	0.002	0.0500000000000043	0.333	0.003
07-15-10:46:00	20	0	0	0.059	0.002	0.0519999999999996	0.333	0.003
07-15-10:47:00	21	0	0	0.059	0.002	0.0450000000000017	0.350	0.002
07-15-10:48:00	20	0	0	0.059	0.002	0.0439999999999969	0.333	0.002
07-15-10:49:00	21	0	0	0.059	0.002	0.044000000000004	0.350	0.002
07-15-10:50:00	21	0	0	0.059	0.002	0.0449999999999946	0.350	0.002
07-15-10:51:00	20	0	0	0.059	0.002	0.0450000000000017	0.333	0.002
07-15-10:52:00	21	0	0	0.059	0.002	0.054000000000002	0.350	0.003
07-15-10:53:00	21	0	0	0.059	0.002	0.0450000000000017	0.350	0.002
07-15-10:54:00	21	0	0	0.059	0.002	0.0379999999999967	0.350	0.002
07-15-10:55:00	20	0	0	0.059	0.002	0.0429999999999993	0.333	0.002
07-15-10:56:00	21	0	0	0.059	0.002	0.0480000000000018	0.350	0.002
07-15-10:57:00	20	0	0	0.059	0.002	0.046999999999997	0.333	0.002
07-15-10:58:00	21	0	0	0.059	0.002	0.0459999999999994	0.350	0.002
07-15-10:59:00	21	0	0	0.059	0.002	0.0429999999999993	0.350	0.002
07-15-11:00:00	21	0	0	0.059	0.002	0.044000000000004	0.350	0.002
07-15-11:01:00	20	0	0	0.059	0.002	0.0529999999999973	0.333	0.003
07-15-11:02:00	21	0	0	0.059	0.002	0.0459999999999994	0.350	0.002
07-15-11:03:00	21	0	0	0.059	0.002	0.0400000000000063	0.350	0.002
07-15-11:04:00	22	0	0	0.059	0.002	0.0449999999999946	0.367	0.002
07-15-11:05:00	20	0	0	0.059	0.002	0.0450000000000017	0.333	0.002
07-15-11:06:00	21	0	0	0.059	0.002	0.0420000000000016	0.350	0.002
07-15-11:07:00	19	1	0	0.059	0.002	0.0599999999999952	0.333	0.003
07-15-11:08:00	21	1	0	0.059	0.002	0.0520000000000067	0.367	0.002
07-15-11:09:00	21	0	0	0.059	0.002	0.0449999999999946	0.350	0.002
07-15-11:10:00	19	0	0	0.059	0.002	0.0570000000000022	0.317	0.003
07-15-11:11:00	21	0	0	0.059	0.002	0.046999999999997