Time	reqs	max-worker	avg-worker	total-worker	max-webseal	avg-webseal	total-webseal
07-14-16:27:00	0	0.000	0.000	0	0.000
07-14-16:28:00	0	0.000	0.000	0	0.000
07-14-16:29:00	4	0.231	0.082	0.331	0.222	0.080	0.322
07-14-16:30:00	2	22.415	3.914	23.157	22.415	3.913	23.157
07-14-16:31:00	1	22.415	3.914	0	22.415	3.913	0
07-14-16:32:00	0	22.415	3.914	0	22.415	3.913	0
07-14-16:33:00	1	137.9	20.284	138.79	137.9	20.283	138.79
07-14-16:34:00	0	137.9	20.284	0	137.9	20.283	0
07-14-16:35:00	0	137.9	20.284	0	137.9	20.283	0
07-14-16:36:00	0	137.9	20.284	0	137.9	20.283	0
07-14-16:37:00	0	137.9	20.284	0	137.9	20.283	0
07-14-16:38:00	0	137.9	20.284	0	137.9	20.283	0
07-14-16:39:00	0	137.9	20.284	0	137.9	20.283	0
07-14-16:40:00	0	137.9	20.284	0	137.9	20.283	0
07-14-16:41:00	0	137.9	20.284	0	137.9	20.283	0
07-14-16:42:00	0	137.9	20.284	0	137.9	20.283	0
07-14-16:43:00	2	137.9	16.243	0.161000000000001	137.9	16.243	0.161000000000001
07-14-16:44:00	6	137.9	10.160	0.130000000000024	137.9	10.160	0.129999999999995
07-14-16:45:00	2	137.9	9.034	0.0529999999999973	137.9	9.034	0.0529999999999973
07-14-16:46:00	0	137.9	9.034	0	137.9	9.034	0
07-14-16:47:00	0	137.9	9.034	0	137.9	9.034	0
07-14-16:48:00	5	137.9	8.434	22.93	137.9	8.433	22.93
07-14-16:49:00	0	137.9	8.434	0	137.9	8.433	0
07-14-16:50:00	3	137.9	12.456	138.304	137.9	12.455	138.304
07-14-16:51:00	0	137.9	12.456	0	137.9	12.455	0
07-14-16:52:00	0	137.9	12.456	0	137.9	12.455	0
07-14-16:53:00	12	137.9	8.528	0.228000000000009	137.9	8.528	0.225999999999999
07-14-16:54:00	44	137.9	3.961	0.793999999999983	137.9	3.961	0.793000000000006
07-14-16:55:00	34	137.9	2.806	0.63900000000001	137.9	2.806	0.636000000000024
07-14-16:56:00	14	137.9	2.505	0.25	137.9	2.505	0.25
07-14-16:57:00	42	137.9	1.898	0.793999999999983	137.9	1.898	0.790999999999997
07-14-16:58:00	48	137.9	1.502	0.895000000000039	137.9	1.501	0.891999999999996
07-14-16:59:00	45	137.9	1.339	26.116	137.9	1.339	26.114
07-14-17:00:00	42	137.9	1.158	0.800999999999988	137.9	1.157	0.797000000000025
07-14-17:01:00	44	142.344	1.496	169.456	142.344	1.496	169.452
07-14-17:02:00	49	142.344	1.385	27.457	142.344	1.385	27.451
07-14-17:03:00	60	148.616	1.540	151.214	148.616	1.540	151.206
07-14-17:04:00	162	148.616	1.185	32.798	148.616	1.185	32.7869999999999
07-14-17:05:00	166	159.671	1.188	198.907	159.671	1.188	198.895
07-14-17:06:00	164	167.369	1.199	205.148	167.369	1.199	205.13
07-14-17:07:00	165	167.568	1.180	176.26	167.568	1.180	176.25
07-14-17:08:00	168	171.497	1.190	210.432	171.496	1.190	210.415
07-14-17:09:00	161	171.497	1.081	35.9829999999999	171.496	1.081	35.971
07-14-17:10:00	166	171.497	1.099	208.957	171.496	1.099	208.938
07-14-17:11:00	164	171.497	1.112	203.243	171.496	1.112	203.222
07-14-17:12:00	163	171.497	1.109	174.279	171.496	1.109	174.261
07-14-17:13:00	164	171.497	1.119	202.644	171.496	1.119	202.626
07-14-17:14:00	165	171.497	1.053	35.4490000000001	171.496	1.053	35.4370000000004
07-14-17:15:00	162	171.497	1.068	206.784	171.496	1.068	206.768
07-14-17:16:00	168	171.497	1.077	202.637	171.496	1.077	202.62
07-14-17:17:00	165	171.497	1.077	178.422	171.496	1.077	178.4
07-14-17:18:00	164	171.497	1.088	207.237	171.496	1.088	207.219
07-14-17:19:00	163	171.497	1.042	36.0990000000002	171.496	1.041	36.0820000000003
07-14-17:20:00	166	174.051	1.054	214.64	174.051	1.054	214.616
07-14-17:21:00	166	174.051	1.064	208.891	174.051	1.064	208.871
07-14-17:22:00	165	174.076	1.066	182.472	174.076	1.066	182.459
07-14-17:23:00	166	174.076	1.074	206.494	174.076	1.074	206.476
07-14-17:24:00	163	174.076	1.038	36.04	174.076	1.038	36.0239999999999
07-14-17:25:00	164	174.076	1.048	209.997	174.076	1.048	209.98
07-14-17:26:00	168	174.076	1.056	207.556	174.076	1.055	207.53
07-14-17:27:00	165	174.076	1.057	177.58	174.076	1.057	177.557
07-14-17:28:00	166	174.076	1.063	206.462	174.076	1.063	206.444
07-14-17:29:00	163	174.076	1.034	35.8469999999998	174.076	1.034	35.8230000000003
07-14-17:30:00	166	174.076	1.041	206.854	174.076	1.041	206.835
07-14-17:31:00	164	174.076	1.048	207.213	174.076	1.048	207.194
07-14-17:32:00	167	174.076	1.049	178.449000000001	174.076	1.049	178.437
07-14-17:33:00	168	174.076	1.055	206.758	174.076	1.055	206.736
07-14-17:34:00	159	174.076	1.031	35.2789999999995	174.076	1.031	35.2640000000001
07-14-17:35:00	166	174.076	1.037	206.503000000001	174.076	1.037	206.482
07-14-17:36:00	168	174.076	1.042	206.415999999999	174.076	1.042	206.398
07-14-17:37:00	161	174.076	1.044	176.488	174.076	1.044	176.473
07-14-17:38:00	168	174.076	1.049	205.57	174.076	1.049	205.549
07-14-17:39:00	161	174.076	1.028	36.6130000000003	174.076	1.028	36.5920000000006
07-14-17:40:00	164	174.076	1.034	208.021	174.076	1.034	208.009999999999
07-14-17:41:00	168	174.076	1.039	209.664000000001	174.076	1.039	209.648
07-14-17:42:00	163	174.076	1.041	179.831999999999	174.076	1.041	179.816
07-14-17:43:00	166	174.076	1.046	207.411	174.076	1.046	207.389
07-14-17:44:00	163	174.076	1.027	36.1680000000006	174.076	1.027	36.1509999999998
07-14-17:45:00	164	174.076	1.033	211.404	174.076	1.033	211.389
07-14-17:46:00	166	174.076	1.037	201.325	174.076	1.037	201.311000000001
07-14-17:47:00	163	174.076	1.038	177.486000000001	174.076	1.038	177.465
07-14-17:48:00	165	174.076	1.021	38.1939999999995	174.076	1.021	38.1759999999995
07-14-17:49:00	164	174.115	1.027	212.148	174.114	1.026	212.124
07-14-17:50:00	166	174.115	1.031	209.978999999999	174.114	1.031	209.961000000001
07-14-17:51:00	166	174.115	1.035	202.784	174.114	1.035	202.761999999999
07-14-17:52:00	164	174.115	1.036	178.915000000001	174.114	1.036	178.898999999999
07-14-17:53:00	167	174.115	1.040	206.6	174.114	1.040	206.584000000001
07-14-17:54:00	163	174.115	1.025	35.2600000000002	174.114	1.025	35.2450000000008
07-14-17:55:00	164	174.115	1.029	207.448999999999	174.114	1.029	207.424999999999
07-14-17:56:00	166	174.115	1.033	205.117	174.114	1.033	205.094999999999
07-14-17:57:00	165	174.115	1.034	182.499	174.114	1.034	182.484
07-14-17:58:00	168	174.115	1.038	210.653	174.114	1.038	210.631000000001
07-14-17:59:00	163	174.115	1.025	36.3430000000008	174.114	1.024	36.3299999999999
07-14-18:00:00	164	174.115	1.029	210.512000000001	174.114	1.029	210.493999999999
07-14-18:01:00	166	174.115	1.033	211.234999999999	174.114	1.033	211.217000000001
07-14-18:02:00	165	174.115	1.034	179.415000000001	174.114	1.034	179.398999999999
07-14-18:03:00	166	174.115	1.037	208.314	174.114	1.037	208.292000000001
07-14-18:04:00	163	174.115	1.024	35.9609999999993	174.114	1.024	35.9479999999985
07-14-18:05:00	168	174.115	1.028	204.280999999999	174.114	1.027	204.268
07-14-18:06:00	166	174.115	1.031	207.671	174.114	1.031	207.654
07-14-18:07:00	165	174.115	1.032	180.026	174.114	1.032	179.996999999999
07-14-18:08:00	166	174.115	1.035	208.545	174.114	1.035	208.525000000001
07-14-18:09:00	157	174.115	1.024	36.246000000001	174.114	1.024	36.2349999999988
07-14-18:10:00	166	174.115	1.027	204.719999999999	174.114	1.027	204.703000000001
07-14-18:11:00	168	174.115	1.029	198.636	174.114	1.029	198.616
07-14-18:12:00	163	174.115	1.030	181.82	174.114	1.030	181.794
07-14-18:13:00	166	174.115	1.033	204.484	174.114	1.033	204.462
07-14-18:14:00	163	174.115	1.022	36.4419999999991	174.114	1.022	36.4239999999991
07-14-18:15:00	160	174.115	1.026	210.092000000001	174.114	1.026	210.08
07-14-18:16:00	166	174.115	1.029	207.977000000001	174.114	1.029	207.954000000002
07-14-18:17:00	165	174.115	1.030	176.018	174.114	1.030	176.002999999999
07-14-18:18:00	168	174.115	1.032	208.384	174.114	1.032	208.369000000001
07-14-18:19:00	161	174.115	1.022	36.1569999999992	174.114	1.022	36.1319999999996
07-14-18:20:00	166	174.115	1.026	212.681	174.114	1.025	212.664000000001
07-14-18:21:00	166	174.115	1.028	208.135	174.114	1.028	208.115
07-14-18:22:00	165	174.115	1.029	179.249	174.114	1.029	179.226000000001
07-14-18:23:00	166	174.115	1.032	206.592999999999	174.114	1.032	206.579
07-14-18:24:00	163	174.115	1.022	35.4549999999999	174.114	1.022	35.4399999999987
07-14-18:25:00	164	174.115	1.025	208.892	174.114	1.025	208.868
07-14-18:26:00	168	174.115	1.027	204.677000000002	174.114	1.027	204.656000000001
07-14-18:27:00	165	174.115	1.028	177.789999999999	174.114	1.028	177.776
07-14-18:28:00	166	174.115	1.030	204.472	174.114	1.030	204.449000000001
07-14-18:29:00	163	174.115	1.021	35.8880000000008	174.114	1.021	35.8729999999996
07-14-18:30:00	166	174.115	1.024	205.953	174.114	1.024	205.932999999999
07-14-18:31:00	164	174.115	1.026	205.323	174.114	1.026	205.300000000001
07-14-18:32:00	167	174.115	1.026	173.902	174.114	1.026	173.884
07-14-18:33:00	166	174.115	1.029	208.684999999999	174.114	1.029	208.673999999999
07-14-18:34:00	161	174.115	1.020	35.9629999999997	174.114	1.020	35.9510000000009
07-14-18:35:00	166	174.115	1.023	207.817000000001	174.114	1.023	207.796999999999
07-14-18:36:00	166	174.166	1.026	212.607	174.165	1.026	212.588000000002
07-14-18:37:00	165	176.334	1.027	184.503000000001	176.334	1.027	184.483
07-14-18:38:00	168	176.334	1.029	207.329	176.334	1.029	207.308000000001
07-14-18:39:00	161	176.334	1.021	35.5360000000001	176.334	1.021	35.512999999999
07-14-18:40:00	166	176.334	1.023	209.739999999998	176.334	1.023	209.720999999998
07-14-18:41:00	166	176.334	1.025	206.452000000001	176.334	1.025	206.432000000001
07-14-18:42:00	165	176.334	1.026	176.174999999999	176.334	1.026	176.16
07-14-18:43:00	168	176.334	1.028	203.263999999999	176.334	1.028	203.240000000002
07-14-18:44:00	161	176.334	1.020	36.8880000000026	176.334	1.020	36.8709999999992
07-14-18:45:00	166	176.334	1.022	205.785	176.334	1.022	205.766
07-14-18:46:00	166	176.334	1.024	206.444	176.334	1.024	206.422000000002
07-14-18:47:00	163	176.334	1.025	174.048999999999	176.334	1.025	174.034
07-14-18:48:00	168	176.334	1.027	206.601000000002	176.334	1.027	206.576999999998
07-14-18:49:00	161	176.334	1.019	35.9789999999994	176.334	1.019	35.9650000000001
07-14-18:50:00	166	176.334	1.022	214.869999999999	176.334	1.022	214.857
07-14-18:51:00	166	176.334	1.024	208.088	176.334	1.024	208.072
07-14-18:52:00	163	176.334	1.025	177.595000000001	176.334	1.025	177.578000000001
07-14-18:53:00	164	176.334	1.027	203.928	176.334	1.026	203.912
07-14-18:54:00	163	176.334	1.020	36.5370000000003	176.334	1.019	36.5200000000004
07-14-18:55:00	166	176.334	1.021	204	176.334	1.021	203.985999999997
07-14-18:56:00	167	176.334	1.023	203.649999999998	176.334	1.023	203.635000000002
07-14-18:57:00	162	176.334	1.024	177.507000000001	176.334	1.024	177.485000000001
07-14-18:58:00	168	176.334	1.026	210.044999999998	176.334	1.026	210.028999999999
07-14-18:59:00	163	176.334	1.019	36.1700000000019	176.334	1.019	36.1620000000003
07-14-19:00:00	164	176.334	1.021	209.266	176.334	1.021	209.245999999999
07-14-19:01:00	166	176.334	1.023	205.549999999999	176.334	1.023	205.530000000002
07-14-19:02:00	165	176.334	1.023	174.618000000002	176.334	1.023	174.593999999997
07-14-19:03:00	166	176.334	1.025	207.092999999997	176.334	1.025	207.069
07-14-19:04:00	163	176.334	1.019	35.4989999999998	176.334	1.018	35.482
07-14-19:05:00	166	176.334	1.021	209.603000000003	176.334	1.020	209.584000000003
07-14-19:06:00	166	176.334	1.022	205.087	176.334	1.022	205.066999999999
07-14-19:07:00	163	176.334	1.023	175.984	176.334	1.023	175.968000000001
07-14-19:08:00	168	176.334	1.025	210.678	176.334	1.024	210.662
07-14-19:09:00	161	176.334	1.018	36.0920000000006	176.334	1.018	36.0679999999993
07-14-19:10:00	166	176.334	1.020	207.575999999997	176.334	1.020	207.560000000001
07-14-19:11:00	168	176.334	1.022	208.447	176.334	1.022	208.422999999999
07-14-19:12:00	163	176.334	1.023	179.249	176.334	1.023	179.226999999999
07-14-19:13:00	168	176.334	1.024	208.741000000002	176.334	1.024	208.723000000002
07-14-19:14:00	163	176.334	1.018	36.2939999999981	176.334	1.018	36.2819999999992
07-14-19:15:00	164	176.334	1.020	209.636000000002	176.334	1.020	209.616999999998
07-14-19:16:00	166	176.334	1.022	206.714	176.334	1.022	206.695
07-14-19:17:00	167	176.334	1.022	178.328999999998	176.334	1.022	178.315000000002
07-14-19:18:00	164	176.334	1.024	208.819	176.334	1.024	208.799999999999
07-14-19:19:00	163	176.334	1.018	37.1440000000002	176.334	1.018	37.1280000000006
07-14-19:20:00	168	176.687	1.020	217.860000000001	176.687	1.020	217.847999999998
07-14-19:21:00	166	176.687	1.022	205.116000000002	176.687	1.022	205.097000000002
07-14-19:22:00	165	176.687	1.022	179.003000000001	176.687	1.022	178.988000000001
07-14-19:23:00	166	176.687	1.024	207.011999999999	176.687	1.024	206.992999999999
07-14-19:24:00	163	176.687	1.018	34.9160000000011	176.687	1.018	34.898000000001
07-14-19:25:00	164	176.687	1.020	209.734999999997	176.687	1.020	209.707999999999
07-14-19:26:00	168	176.687	1.021	201.899000000001	176.687	1.021	201.883999999998
07-14-19:27:00	163	176.687	1.022	177.913	176.687	1.022	177.898000000001
07-14-19:28:00	168	176.687	1.023	206.924999999999	176.687	1.023	206.902000000002
07-14-19:29:00	163	176.687	1.018	35.8179999999993	176.687	1.018	35.7969999999987
07-14-19:30:00	166	176.687	1.020	210.972000000002	176.687	1.020	210.953000000001
07-14-19:31:00	165	176.687	1.021	207.867999999999	176.687	1.021	207.848999999998
07-14-19:32:00	166	176.687	1.022	179.645	176.687	1.022	179.634000000002
07-14-19:33:00	166	176.687	1.023	211.434000000001	176.687	1.023	211.415999999997
07-14-19:34:00	163	176.687	1.018	36.2540000000008	176.687	1.018	36.2400000000016
07-14-19:35:00	164	176.687	1.020	212.474999999999	176.687	1.020	212.453000000001
07-14-19:36:00	166	176.687	1.021	207.931	176.687	1.021	207.91
07-14-19:37:00	165	176.687	1.022	179.871999999999	176.687	1.022	179.846999999998
07-14-19:38:00	166	176.687	1.024	211.241000000002	176.687	1.023	211.213
07-14-19:39:00	163	176.687	1.019	37.0649999999987	176.687	1.018	37.0440000000017
07-14-19:40:00	166	176.687	1.020	208.687999999998	176.687	1.020	208.664000000001
07-14-19:41:00	166	176.687	1.021	204.876	176.687	1.021	204.864999999998
07-14-19:42:00	165	176.687	1.022	178.632000000001	176.687	1.022	178.613000000001
07-14-19:43:00	166	176.687	1.023	210.296999999999	176.687	1.023	210.277999999998
07-14-19:44:00	163	176.687	1.018	36.2210000000014	176.687	1.018	36.206000000002
07-14-19:45:00	163	176.687	1.020	206.284	176.687	1.020	206.267
07-14-19:46:00	167	176.687	1.021	208.306	176.687	1.021	208.290000000001
07-14-19:47:00	163	176.687	1.022	175.966	176.687	1.022	175.951999999998
07-14-19:48:00	168	176.687	1.023	205.169999999998	176.687	1.023	205.156999999999
07-14-19:49:00	161	176.687	1.018	35.3590000000004	176.687	1.018	35.3410000000003
07-14-19:50:00	166	176.687	1.020	205.191999999999	176.687	1.019	205.167000000001
07-14-19:51:00	166	176.687	1.021	205.535000000003	176.687	1.021	205.524000000001
07-14-19:52:00	165	176.687	1.021	175.196999999996	176.687	1.021	175.175999999999
07-14-19:53:00	164	176.687	1.022	200.943000000003	176.687	1.022	200.927
07-14-19:54:00	163	176.687	1.018	35.3979999999974	176.687	1.017	35.380000000001
07-14-19:55:00	166	176.687	1.019	204.853000000003	176.687	1.019	204.831999999999
07-14-19:56:00	168	176.687	1.020	202.942999999999	176.687	1.020	202.923999999999
07-14-19:57:00	163	176.687	1.020	175.971999999998	176.687	1.020	175.951000000001
07-14-19:58:00	168	176.687	1.022	209.458000000002	176.687	1.021	209.433000000001
07-14-19:59:00	163	176.687	1.017	35.4719999999979	176.687	1.017	35.4490000000005
07-14-20:00:00	164	176.687	1.018	207.148000000001	176.687	1.018	207.135999999999
07-14-20:01:00	166	176.687	1.020	203.682000000001	176.687	1.020	203.661
07-14-20:02:00	166	176.687	1.020	176.487999999998	176.687	1.020	176.472000000002
07-14-20:03:00	161	176.687	1.021	207.462000000003	176.687	1.021	207.439999999999
07-14-20:04:00	163	176.687	1.017	36.0329999999994	176.687	1.017	36.0210000000006
07-14-20:05:00	168	176.687	1.018	211.277999999998	176.687	1.018	211.255999999998
07-14-20:06:00	166	176.687	1.020	206.563000000002	176.687	1.019	206.541000000001
07-14-20:07:00	163	177.285	1.020	186.220999999998	177.285	1.020	186.205000000002
07-14-20:08:00	168	177.285	1.021	207.076000000001	177.285	1.021	207.061999999998
07-14-20:09:00	163	177.285	1.017	35.2700000000004	177.285	1.017	35.2530000000006
07-14-20:10:00	164	177.285	1.018	208.334999999999	177.285	1.018	208.315999999999
07-14-20:11:00	166	177.285	1.019	202.029000000002	177.285	1.019	202.011000000002
07-14-20:12:00	165	177.285	1.020	180.815999999999	177.285	1.020	180.795999999998
07-14-20:13:00	162	177.285	1.021	204.154999999999	177.285	1.021	204.136999999999
07-14-20:14:00	165	177.285	1.017	36.2520000000004	177.285	1.017	36.232
07-14-20:15:00	166	177.285	1.018	207.958999999999	177.285	1.018	207.940000000002
07-14-20:16:00	164	177.285	1.019	204.167000000001	177.285	1.019	204.146000000001
07-14-20:17:00	165	177.285	1.020	174.610999999997	177.285	1.019	174.591
07-14-20:18:00	165	177.285	1.021	206.983	177.285	1.021	206.966999999997
07-14-20:19:00	162	177.285	1.017	35.6340000000055	177.285	1.017	35.612000000001
07-14-20:20:00	168	177.285	1.018	209.310999999994	177.285	1.018	209.294000000002
07-14-20:21:00	166	177.285	1.019	205.238000000005	177.285	1.019	205.212
07-14-20:22:00	163	177.285	1.019	179.777999999998	177.285	1.019	179.763999999996
07-14-20:23:00	168	177.285	1.021	207.163	177.285	1.020	207.146000000001
07-14-20:24:00	163	177.285	1.017	36.1290000000008	177.285	1.017	36.1160000000018
07-14-20:25:00	164	177.285	1.018	210.729999999996	177.285	1.018	210.709999999999
07-14-20:26:00	168	177.285	1.019	205.795000000006	177.285	1.019	205.774000000005
07-14-20:27:00	165	177.285	1.019	177.394	177.285	1.019	177.375999999997
07-14-20:28:00	166	177.285	1.020	205.420999999995	177.285	1.020	205.396999999997
07-14-20:29:00	163	177.285	1.016	35.6399999999994	177.285	1.016	35.622000000003
07-14-20:30:00	166	177.285	1.018	205.402000000002	177.285	1.017	205.383999999998
07-14-20:31:00	164	177.285	1.018	199.675999999999	177.285	1.018	199.660000000003
07-14-20:32:00	167	177.285	1.019	176.052000000003	177.285	1.019	176.027000000002
07-14-20:33:00	166	177.285	1.020	205.651999999995	177.285	1.020	205.636999999995
07-14-20:34:00	163	177.285	1.016	35.0540000000037	177.285	1.016	35.0380000000005
07-14-20:35:00	164	177.285	1.017	206.515999999996	177.285	1.017	206.5
07-14-20:36:00	168	177.285	1.018	203.030000000006	177.285	1.018	203.018000000004
07-14-20:37:00	163	177.285	1.018	177.521999999997	177.285	1.018	177.506999999998
07-14-20:38:00	166	177.285	1.019	205.786	177.285	1.019	205.769999999997
07-14-20:39:00	163	177.285	1.016	36.1430000000037	177.285	1.016	36.125
07-14-20:40:00	166	177.285	1.017	209.615999999995	177.285	1.017	209.596000000005
07-14-20:41:00	164	177.285	1.018	208.389999999999	177.285	1.018	208.375999999997
07-14-20:42:00	165	177.285	1.018	182.429000000004	177.285	1.018	182.408000000003
07-14-20:43:00	168	177.285	1.019	207.383999999998	177.285	1.019	207.365999999995
07-14-20:44:00	163	177.285	1.016	35.2540000000008	177.285	1.016	35.231000000007
07-14-20:45:00	164	177.285	1.017	209.864999999998	177.285	1.017	209.847999999998
07-14-20:46:00	168	177.285	1.018	206.073000000004	177.285	1.018	206.053999999996
07-14-20:47:00	161	177.285	1.018	176.276999999995	177.285	1.018	176.262000000002
07-14-20:48:00	166	177.285	1.019	204.575000000004	177.285	1.019	204.550999999999
07-14-20:49:00	163	177.285	1.016	36.4249999999956	177.285	1.016	36.4100000000035
07-14-20:50:00	166	177.285	1.017	207.084000000003	177.285	1.017	207.062999999995
07-14-20:51:00	166	177.285	1.018	205.133000000002	177.285	1.018	205.108
07-14-20:52:00	163	177.285	1.018	177.529999999999	177.285	1.018	177.519
07-14-20:53:00	168	177.285	1.019	205.737000000001	177.285	1.019	205.718000000001
07-14-20:54:00	161	177.285	1.016	35.4930000000022	177.285	1.015	35.4729999999981
07-14-20:55:00	166	177.285	1.017	206.807000000001	177.285	1.016	206.789000000004
07-14-20:56:00	168	177.285	1.017	205.502999999997	177.285	1.017	205.485999999997
07-14-20:57:00	163	177.285	1.018	176.618000000002	177.285	1.018	176.599999999999
07-14-20:58:00	168	177.285	1.019	207.758999999998	177.285	1.019	207.740000000005
07-14-20:59:00	161	177.285	1.015	35.7649999999994	177.285	1.015	35.7559999999939
07-14-21:00:00	166	177.285	1.016	210.665999999997	177.285	1.016	210.645000000004
07-14-21:01:00	166	177.285	1.017	206.775000000001	177.285	1.017	206.758000000002
07-14-21:02:00	167	177.285	1.018	175.972999999998	177.285	1.018	175.958999999995
07-14-21:03:00	164	177.285	1.019	205.223000000005	177.285	1.018	205.208000000006
07-14-21:04:00	163	177.285	1.015	35.3580000000002	177.285	1.015	35.3449999999939
07-14-21:05:00	166	177.285	1.016	206.797999999995	177.285	1.016	206.774000000005
07-14-21:06:00	166	177.285	1.017	204.872000000003	177.285	1.017	204.858999999997
07-14-21:07:00	165	177.285	1.017	175.998999999996	177.285	1.017	175.981
07-14-21:08:00	166	177.285	1.018	206.429000000004	177.285	1.018	206.415000000001
07-14-21:09:00	159	177.285	1.015	34.851999999999	177.285	1.015	34.8410000000003
07-14-21:10:00	166	177.285	1.016	208.396000000001	177.285	1.016	208.375999999997
07-14-21:11:00	166	177.285	1.017	201.091999999997	177.285	1.017	201.079000000005
07-14-21:12:00	165	177.285	1.017	175.728000000003	177.285	1.017	175.709999999999
07-14-21:13:00	165	177.285	1.018	204.811999999998	177.285	1.018	204.798000000003
07-14-21:14:00	162	177.285	1.015	35.3410000000003	177.285	1.015	35.3220000000001
07-14-21:15:00	166	177.285	1.016	211.323000000004	177.285	1.016	211.305999999997
07-14-21:16:00	164	177.285	1.017	204.146999999997	177.285	1.017	204.131999999998
07-14-21:17:00	167	177.285	1.017	179.423999999999	177.285	1.017	179.398000000001
07-14-21:18:00	166	177.285	1.018	210.445	177.285	1.018	210.427000000003
07-14-21:19:00	161	177.285	1.015	36.6650000000009	177.285	1.015	36.6519999999946
07-14-21:20:00	166	177.285	1.016	203.285000000003	177.285	1.016	203.271000000001
07-14-21:21:00	166	177.285	1.017	205.710999999996	177.285	1.017	205.700000000004
07-14-21:22:00	163	177.285	1.017	180.351999999999	177.285	1.017	180.329999999994
07-14-21:23:00	168	177.285	1.018	210.556000000004	177.285	1.018	210.542000000001
07-14-21:24:00	162	177.285	1.015	36.9379999999946	177.285	1.015	36.9250000000029
07-14-21:25:00	165	177.285	1.016	205.419000000002	177.285	1.016	205.398999999998
07-14-21:26:00	166	177.285	1.017	204.008000000002	177.285	1.017	203.985000000001
07-14-21:27:00	165	177.285	1.017	173.711000000003	177.285	1.017	173.696000000004
07-14-21:28:00	168	177.285	1.018	206.218999999997	177.285	1.017	206.204999999994
07-14-21:29:00	161	177.285	1.015	35.8090000000011	177.285	1.015	35.7920000000013
07-14-21:30:00	166	177.285	1.016	211.909	177.285	1.016	211.885000000002
07-14-21:31:00	168	177.285	1.017	208.900000000001	177.285	1.016	208.881999999998
07-14-21:32:00	165	177.285	1.017	175.117999999995	177.285	1.017	175.095000000001
07-14-21:33:00	166	177.285	1.018	205.980000000003	177.285	1.017	205.955999999998
07-14-21:34:00	161	177.285	1.015	36.1880000000019	177.285	1.015	36.1730000000025
07-14-21:35:00	164	177.285	1.016	211.095999999998	177.285	1.016	211.070999999996
07-14-21:36:00	166	177.285	1.016	206.635999999999	177.285	1.016	206.614000000001
07-14-21:37:00	165	177.285	1.017	182.122000000003	177.285	1.017	182.103000000003
07-14-21:38:00	168	177.285	1.018	209.356999999996	177.285	1.018	209.330999999998
07-14-21:39:00	157	177.285	1.015	35.3150000000023	177.285	1.015	35.3029999999999
07-14-21:40:00	166	177.285	1.016	209.841	177.285	1.016	209.824000000001
07-14-21:41:00	168	177.285	1.017	207.830999999998	177.285	1.017	207.811999999998
07-14-21:42:00	163	177.285	1.017	178.991999999998	177.285	1.017	178.970000000001
07-14-21:43:00	165	177.285	1.014	38.4150000000009	177.285	1.014	38.3910000000033
07-14-21:44:00	166	177.285	1.015	210.887000000002	177.285	1.015	210.871999999996
07-14-21:45:00	164	177.285	1.016	212.139999999999	177.285	1.016	212.122000000003
07-14-21:46:00	166	177.285	1.017	200.065000000002	177.285	1.017	200.044999999998
07-14-21:47:00	165	177.285	1.017	182.707999999999	177.285	1.017	182.684000000001
07-14-21:48:00	166	177.285	1.018	206.568999999996	177.285	1.018	206.555
07-14-21:49:00	161	177.285	1.015	36.3480000000054	177.285	1.015	36.3269999999975
07-14-21:50:00	168	177.285	1.016	210.642	177.285	1.016	210.618999999999
07-14-21:51:00	166	177.285	1.017	206.298999999999	177.285	1.017	206.285000000003
07-14-21:52:00	163	177.285	1.017	179.617999999995	177.285	1.017	179.597000000002
07-14-21:53:00	168	177.285	1.018	207.144	177.285	1.018	207.131999999998
07-14-21:54:00	163	177.285	1.015	35.9200000000055	177.285	1.015	35.9049999999988
07-14-21:55:00	164	177.285	1.016	208.025999999998	177.285	1.016	208.010999999999
07-14-21:56:00	168	177.285	1.017	204.856999999996	177.285	1.017	204.833000000006
07-14-21:57:00	165	177.285	1.017	179.526000000005	177.285	1.017	179.506999999998
07-14-21:58:00	164	177.285	1.018	210.860999999997	177.285	1.018	210.841999999997
07-14-21:59:00	163	177.285	1.015	37.351999999999	177.285	1.015	37.3369999999995
07-14-22:00:00	166	177.285	1.016	209.965000000004	177.285	1.016	209.950000000004
07-14-22:01:00	166	177.285	1.017	204.525000000001	177.285	1.017	204.5
07-14-22:02:00	163	177.285	1.017	175.709999999999	177.285	1.017	175.688000000002
07-14-22:03:00	168	177.285	1.018	203.187999999995	177.285	1.017	203.165999999997
07-14-22:04:00	161	177.285	1.015	35.7230000000054	177.285	1.015	35.7099999999991
07-14-22:05:00	164	177.285	1.016	206.837999999996	177.285	1.016	206.826999999998
07-14-22:06:00	168	177.285	1.017	206.029000000002	177.285	1.016	206.001000000004
07-14-22:07:00	162	177.285	1.017	175.318999999996	177.285	1.017	175.307999999997
07-14-22:08:00	167	177.285	1.018	210.893000000004	177.285	1.017	210.872000000003
07-14-22:09:00	163	177.285	1.015	36.0659999999989	177.285	1.015	36.0529999999999
07-14-22:10:00	166	177.285	1.016	208.650000000001	177.285	1.016	208.623
07-14-22:11:00	166	177.285	1.016	205.720000000001	177.285	1.016	205.695999999996
07-14-22:12:00	165	177.285	1.017	176.159	177.285	1.017	176.136000000006
07-14-22:13:00	168	177.285	1.017	208.928	177.285	1.017	208.903999999995
07-14-22:14:00	161	177.285	1.015	36.4150000000009	177.285	1.015	36.4000000000015
07-14-22:15:00	166	177.285	1.016	217.417000000001	177.285	1.016	217.398000000001
07-14-22:16:00	166	177.285	1.017	204.673999999999	177.285	1.016	204.663999999997
07-14-22:17:00	163	177.285	1.017	174.070999999996	177.285	1.017	174.055
07-14-22:18:00	168	177.285	1.017	205.463000000003	177.285	1.017	205.446000000004
07-14-22:19:00	161	177.285	1.015	35.1619999999966	177.285	1.015	35.1520000000019
07-14-22:20:00	166	177.285	1.016	205.796999999999	177.285	1.016	205.778999999995
07-14-22:21:00	166	177.285	1.016	202.336000000003	177.285	1.016	202.323000000004
07-14-22:22:00	165	177.285	1.017	180.508999999998	177.285	1.016	180.487999999998
07-14-22:23:00	167	177.285	1.017	207.577000000005	177.285	1.017	207.563000000002
07-14-22:24:00	162	177.285	1.015	37.3009999999995	177.285	1.015	37.2769999999946
07-14-22:25:00	164	177.285	1.016	208.206999999995	177.285	1.015	208.188000000002
07-14-22:26:00	168	177.285	1.016	208.850000000006	177.285	1.016	208.832999999999
07-14-22:27:00	163	177.285	1.017	182.731999999996	177.285	1.017	182.714
07-14-22:28:00	168	177.285	1.017	203.525999999998	177.285	1.017	203.507000000005
07-14-22:29:00	161	177.285	1.015	35.3260000000009	177.285	1.015	35.3070000000007
07-14-22:30:00	164	177.285	1.016	206.558000000005	177.285	1.015	206.539999999994
07-14-22:31:00	168	177.285	1.016	202.366999999998	177.285	1.016	202.347000000002
07-14-22:32:00	165	177.285	1.016	177.396000000001	177.285	1.016	177.370000000003
07-14-22:33:00	166	177.285	1.017	206.953999999998	177.285	1.017	206.945
07-14-22:34:00	163	177.285	1.015	36.1949999999997	177.285	1.015	36.1770000000033
07-14-22:35:00	166	177.285	1.015	207.254000000001	177.285	1.015	207.238999999994
07-14-22:36:00	168	177.285	1.016	204.343999999997	177.285	1.016	204.326000000001
07-14-22:37:00	161	177.285	1.016	180.044999999998	177.285	1.016	180.021000000001
07-14-22:38:00	168	177.285	1.017	203.989000000001	177.285	1.017	203.972999999998
07-14-22:39:00	163	177.285	1.015	35.8410000000003	177.285	1.014	35.8300000000017
07-14-22:40:00	164	177.285	1.015	204.012999999999	177.285	1.015	203.991999999998
07-14-22:41:00	166	177.285	1.016	202.365000000005	177.285	1.016	202.349000000002
07-14-22:42:00	163	177.285	1.016	178.305999999997	177.285	1.016	178.290999999997
07-14-22:43:00	168	177.285	1.017	209.158000000003	177.285	1.017	209.144
07-14-22:44:00	163	177.285	1.014	36.1840000000011	177.285	1.014	36.1610000000001
07-14-22:45:00	165	177.285	1.015	211.732999999993	177.285	1.015	211.707000000002
07-14-22:46:00	165	177.285	1.016	209.451000000001	177.285	1.016	209.432000000001
07-14-22:47:00	167	177.285	1.016	177.092000000004	177.285	1.016	177.070999999996
07-14-22:48:00	165	177.285	1.014	37.5080000000016	177.285	1.014	37.484000000004
07-14-22:49:00	162	177.285	1.015	211.119999999995	177.285	1.015	211.106
07-14-22:50:00	168	177.285	1.015	210.813000000002	177.285	1.015	210.790999999997
07-14-22:51:00	166	177.285	1.016	206.830000000002	177.285	1.016	206.814000000006
07-14-22:52:00	165	177.285	1.016	179.981999999996	177.285	1.016	179.968999999997
07-14-22:53:00	168	177.285	1.017	206.802000000003	177.285	1.017	206.788
07-14-22:54:00	161	177.285	1.015	35.4409999999989	177.285	1.015	35.4229999999952
07-14-22:55:00	164	177.285	1.015	204.853999999999	177.285	1.015	204.834000000003
07-14-22:56:00	168	177.285	1.016	200.779999999999	177.285	1.016	200.762000000002
07-14-22:57:00	165	177.285	1.016	179.671000000002	177.285	1.016	179.646000000001
07-14-22:58:00	166	177.285	1.017	208.262999999999	177.285	1.017	208.240999999995
07-14-22:59:00	163	177.285	1.014	35.2779999999984	177.285	1.014	35.2590000000055
07-14-23:00:00	166	177.285	1.015	207.794000000002	177.285	1.015	207.776999999995
07-14-23:01:00	164	177.285	1.016	202.726000000002	177.285	1.016	202.702000000005
07-14-23:02:00	165	177.285	1.016	184.093999999997	177.285	1.016	184.07
07-14-23:03:00	168	177.285	1.017	208.292000000001	177.285	1.017	208.279999999999
07-14-23:04:00	162	177.285	1.014	35.4219999999987	177.285	1.014	35.4040000000023
07-14-23:05:00	163	177.285	1.015	213.995000000003	177.285	1.015	213.977999999996
07-14-23:06:00	166	177.285	1.016	205.716999999997	177.285	1.016	205.692999999999
07-14-23:07:00	163	177.285	1.016	174.650999999998	177.285	1.016	174.635000000002
07-14-23:08:00	168	177.285	1.017	210.249000000003	177.285	1.017	210.235000000001
07-14-23:09:00	161	177.285	1.015	36.0360000000001	177.285	1.014	36.023000000001
07-14-23:10:00	166	177.285	1.015	212.188000000002	177.285	1.015	212.163999999997
07-14-23:11:00	166	177.285	1.016	203.620999999999	177.285	1.016	203.605000000003
07-14-23:12:00	165	177.285	1.016	179.178999999996	177.285	1.016	179.165000000001
07-14-23:13:00	168	177.285	1.017	206.376000000004	177.285	1.017	206.353999999999
07-14-23:14:00	161	177.285	1.015	35.6469999999972	177.285	1.014	35.6189999999988
07-14-23:15:00	162	177.285	1.015	212.095999999998	177.285	1.015	212.074000000001
07-14-23:16:00	168	177.285	1.016	209.619000000006	177.285	1.016	209.599000000002
07-14-23:17:00	163	177.285	1.016	184.837999999996	177.285	1.016	184.815999999999
07-14-23:18:00	166	177.285	1.017	211.086000000003	177.285	1.017	211.065999999999
07-14-23:19:00	163	177.285	1.015	36.5020000000004	177.285	1.015	36.4850000000006
07-14-23:20:00	166	177.285	1.016	210.43	177.285	1.015	210.409999999996
07-14-23:21:00	166	177.285	1.016	207.964	177.285	1.016	207.940000000002
07-14-23:22:00	167	177.285	1.016	183.898999999998	177.285	1.016	183.883000000002
07-14-23:23:00	164	177.285	1.017	210.019999999997	177.285	1.017	209.995999999999
07-14-23:24:00	163	177.285	1.015	37.3170000000027	177.285	1.015	37.2989999999991
07-14-23:25:00	166	177.285	1.016	212.154000000002	177.285	1.016	212.139000000003
07-14-23:26:00	168	177.285	1.016	203.926999999996	177.285	1.016	203.901999999995
07-14-23:27:00	163	177.285	1.017	179.497000000003	177.285	1.016	179.478000000003
07-14-23:28:00	168	177.285	1.017	210.701999999998	177.285	1.017	210.684999999998
07-14-23:29:00	163	177.285	1.015	37.3740000000034	177.285	1.015	37.3610000000044
07-14-23:30:00	164	177.285	1.016	207.282999999996	177.285	1.016	207.262999999999
07-14-23:31:00	166	177.285	1.016	205.980000000003	177.285	1.016	205.962999999996
07-14-23:32:00	165	177.285	1.016	178.216999999997	177.285	1.016	178.195
07-14-23:33:00	162	177.285	1.017	207.387000000002	177.285	1.017	207.368000000002
07-14-23:34:00	163	177.285	1.015	36.8910000000033	177.285	1.015	36.877999999997
07-14-23:35:00	168	177.285	1.016	208.184999999998	177.285	1.016	208.172000000006
07-14-23:36:00	164	177.285	1.016	202.429999999993	177.285	1.016	202.410000000003
07-14-23:37:00	165	177.285	1.016	178.788	177.285	1.016	178.77399999999
07-14-23:38:00	168	177.285	1.017	206.688000000009	177.285	1.017	206.668000000005
07-14-23:39:00	161	177.285	1.015	35.6919999999955	177.285	1.015	35.6699999999983
07-14-23:40:00	166	177.285	1.016	208.967000000004	177.285	1.016	208.941999999995
07-14-23:41:00	168	177.285	1.016	206.868000000002	177.285	1.016	206.857000000004
07-14-23:42:00	163	177.285	1.016	181.863999999987	177.285	1.016	181.843999999997
07-14-23:43:00	168	177.285	1.017	207.122000000003	177.285	1.017	207.104000000007
07-14-23:44:00	163	177.285	1.015	36.1430000000109	177.285	1.015	36.1290000000008
07-14-23:45:00	164	177.285	1.016	208.348999999987	177.285	1.016	208.327999999994
07-14-23:46:00	168	177.285	1.016	206.446000000011	177.285	1.016	206.42300000001
07-14-23:47:00	165	177.285	1.016	181.421999999991	177.285	1.016	181.399999999994
07-14-23:48:00	166	177.285	1.017	206.737000000008	177.285	1.017	206.713000000003
07-14-23:49:00	161	177.285	1.015	36.403999999995	177.285	1.015	36.3919999999925
07-14-23:50:00	168	177.285	1.016	214.683000000005	177.285	1.016	214.660000000003
07-14-23:51:00	164	177.285	1.016	209.921000000002	177.285	1.016	209.907000000007
07-14-23:52:00	165	177.285	1.017	180.320999999996	177.285	1.016	180.300999999992
07-14-23:53:00	168	177.285	1.017	210.046999999991	177.285	1.017	210.024999999994
07-14-23:54:00	163	177.285	1.015	37.5420000000013	177.285	1.015	37.5280000000057
07-14-23:55:00	162	177.285	1.016	212.881999999998	177.285	1.016	212.866999999998
07-14-23:56:00	168	177.285	1.016	205.52900000001	177.285	1.016	205.506999999998
07-14-23:57:00	163	177.285	1.017	179.013999999996	177.285	1.017	178.997000000003
07-14-23:58:00	168	177.285	1.017	206.812999999995	177.285	1.017	206.800000000003
07-14-23:59:00	163	177.285	1.015	36.5010000000038	177.285	1.015	36.4829999999929
07-15-00:00:00	166	177.285	1.016	208.645000000004	177.285	1.016	208.619000000006
07-15-00:01:00	166	177.285	1.016	204.659	177.285	1.016	204.642000000007
07-15-00:02:00	165	177.285	1.017	179.330000000002	177.285	1.016	179.310999999987
07-15-00:03:00	166	177.285	1.017	210.785999999993	177.285	1.017	210.76400000001
07-15-00:04:00	161	177.285	1.015	37.69200000001	177.285	1.015	37.6679999999906
07-15-00:05:00	166	177.285	1.016	210.868999999992	177.285	1.016	210.85100000001
07-15-00:06:00	168	177.285	1.017	211.301000000007	177.285	1.016	211.284
07-15-00:07:00	161	177.285	1.017	179.997000000003	177.285	1.017	179.981
07-15-00:08:00	168	177.285	1.017	208.983999999997	177.285	1.017	208.96699999999
07-15-00:09:00	161	177.285	1.016	36.0840000000026	177.285	1.015	36.0610000000015
07-15-00:10:00	164	177.285	1.016	205.332999999999	177.285	1.016	205.313000000009
07-15-00:11:00	168	177.285	1.017	204.400999999998	177.285	1.016	204.380999999994
07-15-00:12:00	165	177.285	1.017	177.782999999996	177.285	1.017	177.766000000003
07-15-00:13:00	165	177.285	1.015	37.849000000002	177.285	1.015	37.8319999999949
07-15-00:14:00	164	177.285	1.015	211.868000000002	177.285	1.015	211.849000000002
07-15-00:15:00	166	177.285	1.016	211.763999999996	177.285	1.016	211.741000000009
07-15-00:16:00	166	177.285	1.017	206.828000000009	177.285	1.017	206.808999999994
07-15-00:17:00	165	177.285	1.017	181.973999999987	177.285	1.017	181.953999999998
07-15-00:18:00	165	177.285	1.015	38.398000000001	177.285	1.015	38.377999999997
07-15-00:19:00	164	177.285	1.016	207.134000000005	177.285	1.015	207.123000000007
07-15-00:20:00	166	177.285	1.016	209.782999999996	177.285	1.016	209.766000000003
07-15-00:21:00	164	177.285	1.017	206.180999999997	177.285	1.017	206.164999999994
07-15-00:22:00	167	177.285	1.017	182.121000000014	177.285	1.017	182.108999999997
07-15-00:23:00	164	177.285	1.017	210.91399999999	177.285	1.017	210.899000000005
07-15-00:24:00	163	177.285	1.016	37.4199999999983	177.285	1.016	37.4079999999958
07-15-00:25:00	164	177.285	1.016	212.078000000009	177.285	1.016	212.055000000008
07-15-00:26:00	166	177.285	1.017	206.638999999996	177.285	1.017	206.620999999999
07-15-00:27:00	163	177.285	1.017	180.665999999997	177.285	1.017	180.64899999999
07-15-00:28:00	168	177.285	1.018	209.419999999998	177.285	1.017	209.399000000005
07-15-00:29:00	161	177.285	1.016	36.8669999999984	177.285	1.016	36.851999999999
07-15-00:30:00	166	177.285	1.016	212.687000000005	177.285	1.016	212.667000000001
07-15-00:31:00	166	177.285	1.017	203.543999999994	177.285	1.017	203.528000000006
07-15-00:32:00	163	177.285	1.017	177.477000000014	177.285	1.017	177.457999999999
07-15-00:33:00	166	177.285	1.018	207.100999999995	177.285	1.017	207.084000000003
07-15-00:34:00	163	177.285	1.016	36.7350000000006	177.285	1.016	36.7200000000012
07-15-00:35:00	164	177.285	1.016	212.966	177.285	1.016	212.943999999989
07-15-00:36:00	166	177.285	1.017	210.395999999993	177.285	1.017	210.377000000008
07-15-00:37:00	167	177.285	1.017	184.349000000002	177.285	1.017	184.334999999992
07-15-00:38:00	164	177.285	1.018	212.199000000008	177.285	1.018	212.186000000002
07-15-00:39:00	163	177.285	1.016	37.778999999995	177.285	1.016	37.7649999999994
07-15-00:40:00	168	177.285	1.017	212.111999999994	177.285	1.017	212.091
07-15-00:41:00	164	177.285	1.017	205.462	177.285	1.017	205.436000000002
07-15-00:42:00	165	177.285	1.017	174.603000000003	177.285	1.017	174.577000000005
07-15-00:43:00	166	177.285	1.018	201.895000000004	177.285	1.018	201.880999999994
07-15-00:44:00	165	177.285	1.016	36.6680000000051	177.285	1.016	36.650999999998
07-15-00:45:00	164	177.285	1.016	203.777999999991	177.285	1.016	203.753000000012
07-15-00:46:00	166	177.285	1.017	209.573000000004	177.285	1.017	209.549999999988
07-15-00:47:00	165	177.285	1.017	173.525999999998	177.285	1.017	173.499000000011
07-15-00:48:00	168	177.285	1.017	203.889999999999	177.285	1.017	203.866999999998
07-15-00:49:00	161	177.285	1.016	34.7620000000024	177.285	1.016	34.7459999999992
07-15-00:50:00	168	177.285	1.016	206.796000000002	177.285	1.016	206.773000000001
07-15-00:51:00	164	177.285	1.017	206.991999999998	177.285	1.017	206.975999999995
07-15-00:52:00	165	177.285	1.017	177.331999999995	177.285	1.017	177.317999999999
07-15-00:53:00	168	177.285	1.017	205.192999999999	177.285	1.017	205.180999999997
07-15-00:54:00	161	177.285	1.016	35.2530000000115	177.285	1.016	35.2350000000006
07-15-00:55:00	166	177.285	1.016	208.502999999997	177.285	1.016	208.482000000004
07-15-00:56:00	168	177.285	1.017	204.482999999993	177.285	1.017	204.463000000003
07-15-00:57:00	163	177.285	1.017	174.070000000007	177.285	1.017	174.047999999995
07-15-00:58:00	168	177.285	1.017	208.731	177.285	1.017	208.710000000006
07-15-00:59:00	161	177.285	1.016	35.3839999999909	177.285	1.015	35.3709999999992
07-15-01:00:00	166	177.285	1.016	209.502000000008	177.285	1.016	209.481999999989
07-15-01:01:00	164	177.285	1.017	205.630999999994	177.285	1.017	205.614000000001
07-15-01:02:00	167	177.285	1.017	177.17300000001	177.285	1.017	177.152000000002
07-15-01:03:00	166	177.285	1.017	208.949999999997	177.285	1.017	208.938000000009
07-15-01:04:00	159	177.285	1.016	36.724000000002	177.285	1.016	36.7050000000017
07-15-01:05:00	166	177.285	1.016	208.483999999997	177.285	1.016	208.457999999999
07-15-01:06:00	165	177.285	1.017	207.956999999995	177.285	1.017	207.936000000002
07-15-01:07:00	166	177.285	1.017	176.982000000004	177.285	1.017	176.960999999996
07-15-01:08:00	168	177.285	1.017	207.646999999997	177.285	1.017	207.626999999993
07-15-01:09:00	163	177.285	1.016	36.5430000000051	177.285	1.015	36.5310000000027
07-15-01:10:00	162	177.285	1.016	207.800999999992	177.285	1.016	207.779999999999
07-15-01:11:00	168	177.285	1.017	203.025000000009	177.285	1.016	203.006000000009
07-15-01:12:00	163	177.285	1.017	178.288	177.285	1.017	178.271999999997
07-15-01:13:00	166	177.285	1.017	210.046999999991	177.285	1.017	210.029999999999
07-15-01:14:00	163	177.285	1.016	35.8830000000016	177.285	1.015	35.8689999999915
07-15-01:15:00	164	177.285	1.016	208.986000000004	177.285	1.016	208.963000000003
07-15-01:16:00	166	177.285	1.017	205.759999999995	177.285	1.016	205.741000000009
07-15-01:17:00	165	177.285	1.017	171.669999999998	177.285	1.017	171.657999999996
07-15-01:18:00	166	177.285	1.017	203.975000000006	177.285	1.017	203.951000000001
07-15-01:19:00	161	177.285	1.015	36.3380000000034	177.285	1.015	36.3269999999902
07-15-01:20:00	168	177.285	1.016	209.603999999992	177.285	1.016	209.58600000001
07-15-01:21:00	166	177.285	1.016	208.017000000007	177.285	1.016	208.001000000004
07-15-01:22:00	165	177.285	1.017	178.959999999992	177.285	1.016	178.943999999989
07-15-01:23:00	166	177.285	1.017	207.157000000007	177.285	1.017	207.145000000004
07-15-01:24:00	163	177.285	1.015	36.1009999999951	177.285	1.015	36.0890000000072
07-15-01:25:00	164	177.285	1.016	206.062000000005	177.285	1.016	206.041999999987
07-15-01:26:00	168	177.285	1.016	207.997000000003	177.285	1.016	207.968000000008
07-15-01:27:00	165	177.285	1.017	180.309999999998	177.285	1.016	180.292000000001
07-15-01:28:00	164	177.285	1.017	209.118999999992	177.285	1.017	209.106
07-15-01:29:00	163	177.285	1.016	37.0290000000095	177.285	1.015	37.0139999999956
07-15-01:30:00	166	177.285	1.016	208.784	177.285	1.016	208.763999999996
07-15-01:31:00	166	177.285	1.016	205.654999999999	177.285	1.016	205.636000000013
07-15-01:32:00	165	177.285	1.017	180.955999999991	177.285	1.016	180.943999999989
07-15-01:33:00	168	177.285	1.017	207.939000000013	177.285	1.017	207.918000000005
07-15-01:34:00	161	177.285	1.016	37.0499999999884	177.285	1.015	37.028999999995
07-15-01:35:00	166	177.285	1.016	211.870999999999	177.285	1.016	211.857000000004
07-15-01:36:00	164	177.285	1.017	211.100000000006	177.285	1.016	211.078999999998
07-15-01:37:00	165	177.285	1.017	175.445999999996	177.285	1.017	175.423999999999
07-15-01:38:00	168	177.285	1.017	206.949999999997	177.285	1.017	206.928
07-15-01:39:00	161	177.285	1.016	36.7490000000107	177.285	1.015	36.7300000000105
07-15-01:40:00	166	177.285	1.016	205.885999999999	177.285	1.016	205.867999999988
07-15-01:41:00	166	177.285	1.016	201.364999999991	177.285	1.016	201.341
07-15-01:42:00	165	177.285	1.016	175.148000000001	177.285	1.016	175.129000000001
07-15-01:43:00	168	177.285	1.017	203.048999999999	177.285	1.017	203.028000000006
07-15-01:44:00	161	177.285	1.015	35.7170000000042	177.285	1.015	35.7060000000056
07-15-01:45:00	166	177.285	1.016	203.972999999998	177.285	1.016	203.963999999993
07-15-01:46:00	168	177.285	1.016	204.942999999999	177.285	1.016	204.925000000003
07-15-01:47:00	163	177.285	1.016	179.832999999999	177.285	1.016	179.820999999996
07-15-01:48:00	165	177.285	1.015	38.1740000000136	177.285	1.015	38.1560000000027
07-15-01:49:00	164	177.285	1.015	209.363999999987	177.285	1.015	209.350999999995
07-15-01:50:00	166	177.285	1.016	215.221000000005	177.285	1.016	215.198000000004
07-15-01:51:00	164	177.285	1.016	207.75	177.285	1.016	207.732999999993
07-15-01:52:00	167	177.285	1.016	177.528000000006	177.285	1.016	177.505000000005
07-15-01:53:00	164	177.285	1.017	208.508000000002	177.285	1.017	208.494000000006
07-15-01:54:00	163	177.285	1.015	36.7999999999884	177.285	1.015	36.7880000000005
07-15-01:55:00	166	177.285	1.016	211.766000000003	177.285	1.016	211.741999999998
07-15-01:56:00	166	177.285	1.016	202.240000000005	177.285	1.016	202.213999999993
07-15-01:57:00	165	177.285	1.016	174.089999999997	177.285	1.016	174.076000000001
07-15-01:58:00	166	177.285	1.017	208.042000000001	177.285	1.017	208.024000000005
07-15-01:59:00	163	177.285	1.015	35.4049999999988	177.285	1.015	35.3809999999939
07-15-02:00:00	166	177.285	1.016	209.448000000004	177.285	1.016	209.429000000004
07-15-02:01:00	166	177.285	1.016	203.081999999995	177.285	1.016	203.066999999995
07-15-02:02:00	165	177.285	1.016	177.187000000005	177.285	1.016	177.167000000001
07-15-02:03:00	164	177.285	1.017	209.099999999991	177.285	1.017	209.077000000005
07-15-02:04:00	163	177.285	1.015	37.0339999999997	177.285	1.015	37.023000000001
07-15-02:05:00	166	177.285	1.016	212.707000000009	177.285	1.016	212.683999999994
07-15-02:06:00	166	177.285	1.016	207.654999999999	177.285	1.016	207.633000000002
07-15-02:07:00	165	177.285	1.016	176.156000000003	177.285	1.016	176.138000000006
07-15-02:08:00	168	177.285	1.017	205.342999999993	177.285	1.017	205.32699999999
07-15-02:09:00	159	177.285	1.015	35.0800000000017	177.285	1.015	35.0679999999993
07-15-02:10:00	166	177.285	1.016	209.627999999997	177.285	1.016	209.612000000008
07-15-02:11:00	166	177.285	1.016	205.010000000009	177.285	1.016	204.993000000002
07-15-02:12:00	163	177.285	1.016	174.809999999998	177.285	1.016	174.78899999999
07-15-02:13:00	166	177.285	1.017	208.343999999997	177.285	1.017	208.320000000007
07-15-02:14:00	163	177.285	1.015	36.3649999999907	177.285	1.015	36.3439999999973
07-15-02:15:00	166	177.285	1.016	217.353000000003	177.285	1.016	217.339999999997
07-15-02:16:00	166	177.285	1.016	209.519	177.285	1.016	209.497000000003
07-15-02:17:00	165	177.285	1.016	176.828999999998	177.285	1.016	176.815000000002
07-15-02:18:00	166	177.285	1.017	210.720000000001	177.285	1.017	210.705000000002
07-15-02:19:00	161	177.285	1.015	37.0900000000111	177.285	1.015	37.0669999999955
07-15-02:20:00	166	177.285	1.016	207.651999999987	177.285	1.016	207.623000000007
07-15-02:21:00	166	177.285	1.016	206.993000000002	177.285	1.016	206.972999999998
07-15-02:22:00	163	177.285	1.016	178.809000000008	177.285	1.016	178.788
07-15-02:23:00	168	177.285	1.017	205.84599999999	177.285	1.017	205.824999999997
07-15-02:24:00	163	177.285	1.015	35.9440000000031	177.285	1.015	35.9290000000037
07-15-02:25:00	165	177.285	1.016	210.808000000005	177.285	1.016	210.775999999998
07-15-02:26:00	167	177.285	1.016	208.657999999996	177.285	1.016	208.644
07-15-02:27:00	165	177.285	1.016	178.138999999996	177.285	1.016	178.120999999999
07-15-02:28:00	166	177.285	1.017	209.23000000001	177.285	1.017	209.209000000003
07-15-02:29:00	161	177.285	1.015	35.781999999992	177.285	1.015	35.7599999999948
07-15-02:30:00	166	177.285	1.016	209.755000000005	177.285	1.016	209.733999999997
07-15-02:31:00	164	177.285	1.016	211.740999999995	177.285	1.016	211.718000000008
07-15-02:32:00	166	177.285	1.015	6.97100000000501	177.285	1.015	6.95100000000093
07-15-02:33:00	166	180.212	1.015	220.25	180.212	1.015	220.233999999997
07-15-02:34:00	164	180.212	1.016	212.111999999994	180.212	1.016	212.093999999997
07-15-02:35:00	164	180.212	1.016	211.176000000007	180.212	1.016	211.159
07-15-02:36:00	168	180.212	1.017	208.254000000001	180.212	1.016	208.232000000004
07-15-02:37:00	165	180.212	1.017	179.553	180.212	1.017	179.539000000004
07-15-02:38:00	164	180.212	1.017	210.073000000004	180.212	1.017	210.065999999992
07-15-02:39:00	163	180.212	1.016	35.4360000000015	180.212	1.016	35.4239999999991
07-15-02:40:00	166	180.212	1.016	210.681999999986	180.212	1.016	210.663
07-15-02:41:00	164	180.212	1.017	205.595000000001	180.212	1.017	205.571000000011
07-15-02:42:00	165	180.212	1.017	177.458000000013	180.212	1.017	177.442999999999
07-15-02:43:00	168	180.212	1.017	203.930999999997	180.212	1.017	203.915999999997
07-15-02:44:00	163	180.212	1.016	35.3190000000031	180.212	1.016	35.3110000000015
07-15-02:45:00	164	180.212	1.016	206.50499999999	180.212	1.016	206.486999999994
07-15-02:46:00	168	180.212	1.016	202.889999999999	180.212	1.016	202.865000000005
07-15-02:47:00	163	180.212	1.017	179.013000000006	180.212	1.016	178.993999999992
07-15-02:48:00	166	180.212	1.017	209.690999999992	180.212	1.017	209.669999999998
07-15-02:49:00	163	180.212	1.016	36.2079999999987	180.212	1.016	36.1970000000001
07-15-02:50:00	167	180.212	1.016	210.448000000004	180.212	1.016	210.433000000005
07-15-02:51:00	165	180.212	1.017	206.697	180.212	1.016	206.673999999999
07-15-02:52:00	165	180.212	1.017	176.926000000007	180.212	1.016	176.911999999997
07-15-02:53:00	168	180.212	1.017	206.168999999994	180.212	1.017	206.149000000005
07-15-02:54:00	159	180.212	1.016	35.8530000000028	180.212	1.016	35.8380000000034
07-15-02:55:00	166	180.212	1.016	207.494999999995	180.212	1.016	207.474000000002
07-15-02:56:00	168	180.212	1.016	209.165000000008	180.212	1.016	209.156000000003
07-15-02:57:00	163	180.212	1.017	177.977999999988	180.212	1.016	177.953999999998
07-15-02:58:00	166	180.212	1.017	205.049000000014	180.212	1.017	205.02399999999
07-15-02:59:00	163	180.212	1.016	35.1559999999881	180.212	1.016	35.1380000000063
07-15-03:00:00	166	180.212	1.016	206.664000000004	180.212	1.016	206.645999999993
07-15-03:01:00	166	180.212	1.016	204.046000000002	180.212	1.016	204.036000000007
07-15-03:02:00	167	180.212	1.016	178.059999999998	180.212	1.016	178.046000000002
07-15-03:03:00	164	180.212	1.017	207.596000000005	180.212	1.017	207.578999999998
07-15-03:04:00	163	180.212	1.016	36.3340000000026	180.212	1.015	36.3150000000023
07-15-03:05:00	166	180.212	1.016	215.015999999989	180.212	1.016	214.997999999992
07-15-03:06:00	167	180.212	1.016	203.267000000007	180.212	1.016	203.25
07-15-03:07:00	164	180.212	1.016	177.722999999998	180.212	1.016	177.706000000006
07-15-03:08:00	168	180.212	1.017	204.483999999997	180.212	1.017	204.467000000004
07-15-03:09:00	163	180.212	1.016	34.7149999999965	180.212	1.015	34.6979999999894
07-15-03:10:00	164	180.212	1.016	207.937000000005	180.212	1.016	207.911000000007
07-15-03:11:00	166	180.212	1.016	204.843000000008	180.212	1.016	204.832999999999
07-15-03:12:00	165	180.212	1.016	179.100999999995	180.212	1.016	179.073999999993
07-15-03:13:00	164	180.212	1.017	204.332999999999	180.212	1.017	204.319000000003
07-15-03:14:00	163	180.212	1.015	36.5270000000019	180.212	1.015	36.5139999999956
07-15-03:15:00	166	180.212	1.016	208.760999999999	180.212	1.016	208.74500000001
07-15-03:16:00	168	180.212	1.016	204.360000000001	180.212	1.016	204.342999999993
07-15-03:17:00	163	180.212	1.016	180.111000000004	180.212	1.016	180.093999999997
07-15-03:18:00	168	180.212	1.017	202.219999999987	180.212	1.017	202.203000000009
07-15-03:19:00	161	180.212	1.015	36.2270000000135	180.212	1.015	36.2079999999987
07-15-03:20:00	166	180.212	1.016	212.975999999995	180.212	1.016	212.955999999991
07-15-03:21:00	166	180.212	1.016	211.430999999997	180.212	1.016	211.417000000001
07-15-03:22:00	165	180.212	1.016	182.941000000006	180.212	1.016	182.926000000007
07-15-03:23:00	166	180.212	1.017	209.091	180.212	1.017	209.070999999996
07-15-03:24:00	163	180.212	1.016	36.5689999999886	180.212	1.015	36.5550000000076
07-15-03:25:00	166	180.212	1.016	209.760000000009	180.212	1.016	209.740999999995
07-15-03:26:00	166	180.212	1.016	206.589999999997	180.212	1.016	206.577999999994
07-15-03:27:00	163	180.212	1.016	183.751000000004	180.212	1.016	183.742000000013
07-15-03:28:00	168	180.212	1.017	209.448000000004	180.212	1.017	209.426999999996
07-15-03:29:00	162	180.212	1.016	35.4879999999976	180.212	1.016	35.4700000000012
07-15-03:30:00	167	180.212	1.016	206.987999999998	180.212	1.016	206.97099999999
07-15-03:31:00	166	180.212	1.016	206.657999999996	180.212	1.016	206.644
07-15-03:32:00	165	180.212	1.016	176.532999999996	180.212	1.016	176.516000000003
07-15-03:33:00	166	180.212	1.017	208.714000000007	180.212	1.017	208.695999999996
07-15-03:34:00	163	180.212	1.016	36.3899999999994	180.212	1.015	36.3770000000077
07-15-03:35:00	166	180.212	1.016	215.183000000005	180.212	1.016	215.164000000004
07-15-03:36:00	166	180.212	1.016	201.284	180.212	1.016	201.260999999999
07-15-03:37:00	165	180.212	1.016	183.872999999992	180.212	1.016	183.857999999993
07-15-03:38:00	166	180.212	1.017	211.146999999997	180.212	1.017	211.127999999997
07-15-03:39:00	163	180.212	1.016	35.8440000000119	180.212	1.016	35.8310000000056
07-15-03:40:00	164	204.972	1.016	245.553	204.972	1.016	245.535000000003
07-15-03:41:00	166	204.972	1.017	218.070999999996	204.972	1.017	218.055999999997
07-15-03:42:00	164	204.972	1.017	180.633000000002	204.972	1.017	180.616999999998
07-15-03:43:00	166	204.972	1.016	38.3739999999962	204.972	1.016	38.3570000000036
07-15-03:44:00	164	204.972	1.016	210.706000000006	204.972	1.016	210.690000000002
07-15-03:45:00	166	204.972	1.017	215.760999999999	204.972	1.017	215.743999999992
07-15-03:46:00	166	204.972	1.017	204.013999999996	204.972	1.017	203.999000000011
07-15-03:47:00	163	204.972	1.017	175.675000000003	204.972	1.017	175.659
07-15-03:48:00	166	204.972	1.017	208.687999999995	204.972	1.017	208.674999999988
07-15-03:49:00	161	204.972	1.016	36.7930000000051	204.972	1.016	36.7790000000095
07-15-03:50:00	168	204.972	1.017	218.491999999998	204.972	1.017	218.472999999998
07-15-03:51:00	164	204.972	1.017	205.550000000003	204.972	1.017	205.531000000003
07-15-03:52:00	165	204.972	1.017	182.225999999995	204.972	1.017	182.197999999989
07-15-03:53:00	166	204.972	1.018	208.551000000007	204.972	1.017	208.534
07-15-03:54:00	163	204.972	1.016	36.1489999999903	204.972	1.016	36.1380000000063
07-15-03:55:00	164	204.972	1.017	206.816000000006	204.972	1.017	206.797000000006
07-15-03:56:00	168	204.972	1.017	209.577000000005	204.972	1.017	209.556999999986
07-15-03:57:00	165	204.972	1.017	176.915999999997	204.972	1.017	176.895000000004
07-15-03:58:00	164	204.972	1.017	205.091	204.972	1.017	205.072
07-15-03:59:00	163	204.972	1.016	36.6900000000023	204.972	1.016	36.6739999999991
07-15-04:00:00	168	204.972	1.017	208.123999999996	204.972	1.017	208.111000000004
07-15-04:01:00	166	204.972	1.017	204.231	204.972	1.017	204.209000000003
07-15-04:02:00	165	204.972	1.017	177.857999999993	204.972	1.017	177.843999999997
07-15-04:03:00	166	204.972	1.017	209.476999999999	204.972	1.017	209.460000000006
07-15-04:04:00	165	204.972	1.016	37.2320000000036	204.972	1.016	37.2079999999987
07-15-04:05:00	164	204.972	1.017	211.782999999996	204.972	1.017	211.762999999992
07-15-04:06:00	168	204.972	1.017	209.554000000004	204.972	1.017	209.531000000003
07-15-04:07:00	165	204.972	1.017	180.966	204.972	1.017	180.951000000001
07-15-04:08:00	164	204.972	1.018	214.936000000002	204.972	1.017	214.926999999996
07-15-04:09:00	163	204.972	1.016	35.7660000000033	204.972	1.016	35.75
07-15-04:10:00	166	204.972	1.017	212.383999999991	204.972	1.017	212.365000000005
07-15-04:11:00	166	204.972	1.017	202.717000000004	204.972	1.017	202.698000000004
07-15-04:12:00	165	204.972	1.017	178.040000000008	204.972	1.017	178.015999999989
07-15-04:13:00	168	204.972	1.018	209.568999999989	204.972	1.017	209.541000000012
07-15-04:14:00	163	204.972	1.016	36.1549999999988	204.972	1.016	36.1369999999879
07-15-04:15:00	164	204.972	1.017	209.153000000006	204.972	1.017	209.134000000005
07-15-04:16:00	168	204.972	1.017	203.710999999996	204.972	1.017	203.695000000007
07-15-04:17:00	165	204.972	1.017	174.614000000001	204.972	1.017	174.59199999999
07-15-04:18:00	166	204.972	1.017	207.847000000009	204.972	1.017	207.828999999998
07-15-04:19:00	161	204.972	1.016	36.0929999999935	204.972	1.016	36.0780000000086
07-15-04:20:00	168	204.972	1.017	208.460999999996	204.972	1.017	208.434999999998
07-15-04:21:00	162	204.972	1.017	208.278000000006	204.972	1.017	208.256999999998
07-15-04:22:00	165	204.972	1.017	183.642999999996	204.972	1.017	183.622000000003
07-15-04:23:00	168	204.972	1.017	209.956000000006	204.972	1.017	209.932000000001
07-15-04:24:00	162	204.972	1.016	36.1809999999969	204.972	1.016	36.1630000000005
07-15-04:25:00	165	204.972	1.017	210.25	204.972	1.017	210.232000000004
07-15-04:26:00	168	204.972	1.017	206.559999999998	204.972	1.017	206.53899999999
07-15-04:27:00	163	204.972	1.017	176.800000000003	204.972	1.017	176.782000000007
07-15-04:28:00	168	204.972	1.017	207.146999999997	204.972	1.017	207.130999999994
07-15-04:29:00	163	204.972	1.016	37.4300000000076	204.972	1.016	37.400999999998
07-15-04:30:00	166	204.972	1.017	211.803	204.972	1.017	211.787000000011
07-15-04:31:00	164	204.972	1.017	208.055999999997	204.972	1.017	208.029999999999
07-15-04:32:00	167	204.972	1.017	182.883000000002	204.972	1.017	182.870999999999
07-15-04:33:00	164	204.972	1.018	205.944000000003	204.972	1.017	205.91399999999
07-15-04:34:00	163	204.972	1.016	36.4569999999949	204.972	1.016	36.4360000000015
07-15-04:35:00	166	204.972	1.017	204.396999999997	204.972	1.017	204.379000000001
07-15-04:36:00	168	204.972	1.017	204.370999999999	204.972	1.017	204.341
07-15-04:37:00	163	204.972	1.017	183.781000000003	204.972	1.017	183.755000000005
07-15-04:38:00	168	204.972	1.018	211.654999999999	204.972	1.017	211.634000000005
07-15-04:39:00	161	204.972	1.016	37.718000000008	204.972	1.016	37.7029999999941
07-15-04:40:00	164	204.972	1.017	211.279999999999	204.972	1.017	211.270999999993
07-15-04:41:00	168	204.972	1.017	206.900999999998	204.972	1.017	206.889999999999
07-15-04:42:00	165	204.972	1.017	178.582999999999	204.972	1.017	178.566000000006
07-15-04:43:00	166	204.972	1.018	205.152000000002	204.972	1.017	205.133000000002
07-15-04:44:00	163	204.972	1.016	35.0659999999916	204.972	1.016	35.0470000000059
07-15-04:45:00	166	204.972	1.017	208.442999999999	204.972	1.017	208.423999999999
07-15-04:46:00	164	204.972	1.017	203.898000000001	204.972	1.017	203.875999999989
07-15-04:47:00	167	204.972	1.017	178.934000000008	204.972	1.017	178.914000000004
07-15-04:48:00	166	204.972	1.017	205.770999999993	204.972	1.017	205.754000000001
07-15-04:49:00	161	204.972	1.016	35.622000000003	204.972	1.016	35.6040000000066
07-15-04:50:00	168	204.972	1.017	212.009000000005	204.972	1.017	211.986999999994
07-15-04:51:00	166	204.972	1.017	210.885999999999	204.972	1.017	210.870999999999
07-15-04:52:00	165	204.972	1.017	183.127999999997	204.972	1.017	183.111999999994
07-15-04:53:00	165	204.972	1.016	39.801999999996	204.972	1.016	39.7830000000104
07-15-04:54:00	164	204.972	1.016	212.203999999998	204.972	1.016	212.190999999992
07-15-04:55:00	166	204.972	1.017	212.468000000008	204.972	1.017	212.459000000003
07-15-04:56:00	162	204.972	1.017	204.343999999997	204.972	1.017	204.331999999995
07-15-04:57:00	165	204.972	1.017	180.654999999999	204.972	1.017	180.632000000012
07-15-04:58:00	166	204.972	1.018	206.354000000007	204.972	1.018	206.338999999993
07-15-04:59:00	161	204.972	1.017	35.4839999999967	204.972	1.016	35.4640000000072
07-15-05:00:00	166	204.972	1.017	207.001999999993	204.972	1.017	206.977999999988
07-15-05:01:00	166	204.972	1.017	202.864000000001	204.972	1.017	202.846000000005
07-15-05:02:00	165	204.972	1.017	177.904999999999	204.972	1.017	177.891000000003
07-15-05:03:00	166	204.972	1.018	206.125	204.972	1.017	206.108999999997
07-15-05:04:00	163	204.972	1.016	36.1200000000099	204.972	1.016	36.1070000000036
07-15-05:05:00	166	204.972	1.017	211.98599999999	204.972	1.017	211.959000000003
07-15-05:06:00	165	204.972	1.017	205.771000000008	204.972	1.017	205.748999999996
07-15-05:07:00	164	204.972	1.017	179.497999999992	204.972	1.017	179.483999999997
07-15-05:08:00	168	204.972	1.018	207.407000000007	204.972	1.017	207.394
07-15-05:09:00	161	204.972	1.016	36.5359999999928	204.972	1.016	36.5210000000079
07-15-05:10:00	166	204.972	1.017	205.775999999998	204.972	1.017	205.754000000001
07-15-05:11:00	168	204.972	1.017	206.703000000009	204.972	1.017	206.685999999987
07-15-05:12:00	163	204.972	1.017	181.585999999996	204.972	1.017	181.569000000003
07-15-05:13:00	166	204.972	1.018	207.862999999998	204.972	1.017	207.843000000008
07-15-05:14:00	163	204.972	1.016	35.648000000001	204.972	1.016	35.6259999999893
07-15-05:15:00	164	204.972	1.017	208.252000000008	204.972	1.017	208.236000000004
07-15-05:16:00	166	204.972	1.017	205.683999999994	204.972	1.017	205.665999999997
07-15-05:17:00	165	204.972	1.017	179.502999999997	204.972	1.017	179.486000000004
07-15-05:18:00	168	204.972	1.018	208.736000000004	204.972	1.017	208.713999999993
07-15-05:19:00	161	204.972	1.016	36.8120000000054	204.972	1.016	36.7980000000098
07-15-05:20:00	166	204.972	1.017	207.64499999999	204.972	1.017	207.627999999997
07-15-05:21:00	164	204.972	1.017	204.493000000002	204.972	1.017	204.472999999998
07-15-05:22:00	167	204.972	1.017	176.048999999999	204.972	1.017	176.032999999996
07-15-05:23:00	166	204.972	1.017	207.96100000001	204.972	1.017	207.946000000011
07-15-05:24:00	161	204.972	1.016	36.301999999996	204.972	1.016	36.2809999999881
07-15-05:25:00	164	204.972	1.017	213.837	204.972	1.017	213.824000000008
07-15-05:26:00	168	204.972	1.017	209.076000000001	204.972	1.017	209.062999999995
07-15-05:27:00	165	204.972	1.017	176.328999999998	204.972	1.017	176.31700000001
07-15-05:28:00	166	204.972	1.017	206.759999999995	204.972	1.017	206.740999999995
07-15-05:29:00	159	204.972	1.016	37.0840000000026	204.972	1.016	37.073000000004
07-15-05:30:00	165	204.972	1.017	209.981	204.972	1.017	209.952999999994
07-15-05:31:00	167	204.972	1.017	206.389999999999	204.972	1.017	206.375
07-15-05:32:00	165	204.972	1.017	179.210000000006	204.972	1.017	179.195000000007
07-15-05:33:00	163	204.972	1.016	38.0089999999909	204.972	1.016	37.9949999999953
07-15-05:34:00	164	204.972	1.016	209.27900000001	204.972	1.016	209.262000000002
07-15-05:35:00	166	204.972	1.017	209.080000000002	204.972	1.017	209.058000000005
07-15-05:36:00	168	204.972	1.017	207.731999999989	204.972	1.017	207.710999999996
07-15-05:37:00	163	204.972	1.017	179.347999999998	204.972	1.017	179.330999999991
07-15-05:38:00	168	204.972	1.018	208.401000000013	204.972	1.017	208.383000000002
07-15-05:39:00	159	204.972	1.017	38.0849999999919	204.972	1.016	38.0650000000023
07-15-05:40:00	164	204.972	1.017	209.994999999995	204.972	1.017	209.978000000003
07-15-05:41:00	168	204.972	1.017	214.538	204.972	1.017	214.516000000003
07-15-05:42:00	165	204.972	1.017	181.072	204.972	1.017	181.053999999989
07-15-05:43:00	166	204.972	1.018	208.58600000001	204.972	1.018	208.573000000004
07-15-05:44:00	163	204.972	1.017	35.9029999999912	204.972	1.017	35.8850000000093
07-15-05:45:00	166	204.972	1.017	211.396000000008	204.972	1.017	211.379000000001
07-15-05:46:00	164	204.972	1.017	209.921999999991	204.972	1.017	209.890999999989
07-15-05:47:00	165	204.972	1.017	177.088000000003	204.972	1.017	177.067999999999
07-15-05:48:00	166	204.972	1.018	207.735000000001	204.972	1.018	207.717000000004
07-15-05:49:00	163	204.972	1.017	36.4060000000027	204.972	1.017	36.3880000000063
07-15-05:50:00	164	204.972	1.017	215.055999999997	204.972	1.017	215.038
07-15-05:51:00	166	204.972	1.017	205.445999999996	204.972	1.017	205.430999999997
07-15-05:52:00	165	204.972	1.017	178.001000000004	204.972	1.017	177.979999999996
07-15-05:53:00	165	204.972	1.016	38.7600000000093	204.972	1.016	38.7419999999984
07-15-05:54:00	164	204.972	1.017	212.441999999995	204.972	1.017	212.42300000001
07-15-05:55:00	166	204.972	1.017	213.362999999998	204.972	1.017	213.337999999989
07-15-05:56:00	166	204.972	1.017	204.712	204.972	1.017	204.694000000003
07-15-05:57:00	163	204.972	1.017	174.990000000005	204.972	1.017	174.971999999994
07-15-05:58:00	168	204.972	1.018	208.869999999995	204.972	1.018	208.852000000014
07-15-05:59:00	161	204.972	1.017	36.0580000000045	204.972	1.017	36.0459999999875
07-15-06:00:00	166	204.972	1.017	211.709999999992	204.972	1.017	211.687000000005
07-15-06:01:00	166	204.972	1.017	209.803000000014	204.972	1.017	209.787999999986
07-15-06:02:00	165	204.972	1.017	176.483999999997	204.972	1.017	176.463000000018
07-15-06:03:00	162	204.972	1.018	203.904999999999	204.972	1.018	203.889999999985
07-15-06:04:00	163	204.972	1.017	36.2759999999835	204.972	1.017	36.262000000017
07-15-06:05:00	166	204.972	1.017	204.510999999999	204.972	1.017	204.491000000009
07-15-06:06:00	166	204.972	1.017	205.544000000024	204.972	1.017	205.527999999991
07-15-06:07:00	163	204.972	1.017	176.906999999977	204.972	1.017	176.888000000006
07-15-06:08:00	166	204.972	1.018	207.271999999997	204.972	1.018	207.25
07-15-06:09:00	159	204.972	1.017	36.5920000000042	204.972	1.017	36.5779999999795
07-15-06:10:00	166	204.972	1.017	216.114000000001	204.972	1.017	216.092000000004
07-15-06:11:00	168	204.972	1.017	206.573000000004	204.972	1.017	206.551000000007
07-15-06:12:00	163	204.972	1.017	179.953999999998	204.972	1.017	179.937999999995
07-15-06:13:00	168	204.972	1.018	208.213000000018	204.972	1.018	208.198000000004
07-15-06:14:00	163	204.972	1.017	35.7229999999981	204.972	1.017	35.7049999999872
07-15-06:15:00	164	204.972	1.017	206.191999999981	204.972	1.017	206.176000000007
07-15-06:16:00	166	204.972	1.017	203.619000000006	204.972	1.017	203.600999999995
07-15-06:17:00	167	204.972	1.017	176.458000000013	204.972	1.017	176.444000000018
07-15-06:18:00	164	204.972	1.018	206.106999999989	204.972	1.018	206.082999999984
07-15-06:19:00	163	204.972	1.017	36.3859999999986	204.972	1.017	36.372000000003
07-15-06:20:00	166	204.972	1.017	212.570999999996	204.972	1.017	212.543000000005
07-15-06:21:00	164	204.972	1.017	208.202000000019	204.972	1.017	208.182000000001
07-15-06:22:00	167	204.972	1.017	174.243999999977	204.972	1.017	174.227000000014
07-15-06:23:00	166	204.972	1.018	203.392000000022	204.972	1.018	203.375999999989
07-15-06:24:00	161	204.972	1.017	35.6759999999776	204.972	1.017	35.6619999999821
07-15-06:25:00	166	204.972	1.017	204.968000000023	204.972	1.017	204.950000000012
07-15-06:26:00	166	204.972	1.017	201.769	204.972	1.017	201.747999999992
07-15-06:27:00	163	204.972	1.017	174.606999999989	204.972	1.017	174.589000000007
07-15-06:28:00	168	204.972	1.018	204.66399999999	204.972	1.017	204.648000000016
07-15-06:29:00	163	204.972	1.017	35.6790000000037	204.972	1.016	35.6659999999974
07-15-06:30:00	166	204.972	1.017	205.429000000004	204.972	1.017	205.413
07-15-06:31:00	166	204.972	1.017	204.075000000012	204.972	1.017	204.057000000001
07-15-06:32:00	167	204.972	1.017	176.816999999981	204.972	1.017	176.804999999993
07-15-06:33:00	166	204.972	1.017	202.108999999997	204.972	1.017	202.092999999993
07-15-06:34:00	159	204.972	1.016	35.4520000000193	204.972	1.016	35.4439999999886
07-15-06:35:00	166	204.972	1.017	206.411999999982	204.972	1.017	206.386000000028
07-15-06:36:00	168	204.972	1.017	203.369000000006	204.972	1.017	203.359999999986
07-15-06:37:00	163	204.972	1.017	179.206999999995	204.972	1.017	179.192999999999
07-15-06:38:00	168	204.972	1.017	207.159000000014	204.972	1.017	207.136999999988
07-15-06:39:00	163	204.972	1.016	36.5489999999991	204.972	1.016	36.5270000000019
07-15-06:40:00	164	204.972	1.017	211.286999999982	204.972	1.017	211.269
07-15-06:41:00	166	204.972	1.017	206.179000000004	204.972	1.017	206.159000000014
07-15-06:42:00	165	204.972	1.017	178.970000000001	204.972	1.017	178.957999999984
07-15-06:43:00	165	204.972	1.016	37.9500000000116	204.972	1.016	37.9300000000221
07-15-06:44:00	164	204.972	1.016	210.306000000011	204.972	1.016	210.286999999982
07-15-06:45:00	166	204.972	1.017	207.495999999985	204.972	1.017	207.481
07-15-06:46:00	166	204.972	1.017	204.182000000001	204.972	1.017	204.157999999996
07-15-06:47:00	165	204.972	1.017	175.785999999993	204.972	1.017	175.764000000025
07-15-06:48:00	166	204.972	1.017	201.79800000001	204.972	1.017	201.77899999998
07-15-06:49:00	161	204.972	1.016	34.8830000000016	204.972	1.016	34.8669999999984
07-15-06:50:00	166	204.972	1.017	212.502999999997	204.972	1.017	212.486000000004
07-15-06:51:00	166	204.972	1.017	208.160999999993	204.972	1.017	208.146999999997
07-15-06:52:00	165	204.972	1.017	179.837	204.972	1.017	179.815000000002
07-15-06:53:00	166	204.972	1.017	207.991000000009	204.972	1.017	207.972000000009
07-15-06:54:00	163	204.972	1.016	36.7010000000009	204.972	1.016	36.676999999996
07-15-06:55:00	164	204.972	1.017	206.435999999987	204.972	1.017	206.416999999987
07-15-06:56:00	166	204.972	1.017	203.785000000003	204.972	1.017	203.760000000009
07-15-06:57:00	165	204.972	1.017	177.557000000001	204.972	1.017	177.539000000019
07-15-06:58:00	168	204.972	1.017	204.083000000013	204.972	1.017	204.060999999987
07-15-06:59:00	159	204.972	1.016	35.551999999996	204.972	1.016	35.5320000000065
07-15-07:00:00	168	204.972	1.017	213.068999999989	204.972	1.016	213.046000000002
07-15-07:01:00	166	204.972	1.017	207.27900000001	204.972	1.017	207.262999999977
07-15-07:02:00	165	204.972	1.017	180.005999999994	204.972	1.017	179.988000000012
07-15-07:03:00	166	204.972	1.017	207.572000000015	204.972	1.017	207.556000000011
07-15-07:04:00	163	204.972	1.016	35.0289999999804	204.972	1.016	35.0109999999986
07-15-07:05:00	164	204.972	1.017	210.40400000001	204.972	1.016	210.380000000005
07-15-07:06:00	166	204.972	1.017	205.075000000012	204.972	1.017	205.048999999999
07-15-07:07:00	167	204.972	1.017	176.235999999975	204.972	1.017	176.22199999998
07-15-07:08:00	166	204.972	1.017	205.260000000009	204.972	1.017	205.244000000006
07-15-07:09:00	163	204.972	1.016	34.8390000000072	204.972	1.016	34.814000000013
07-15-07:10:00	166	204.972	1.016	205.073999999993	204.972	1.016	205.058999999979
07-15-07:11:00	166	204.972	1.017	201.402999999991	204.972	1.017	201.388000000006
07-15-07:12:00	165	204.972	1.017	177.075000000012	204.972	1.017	177.054999999993
07-15-07:13:00	164	204.972	1.017	207.909000000014	204.972	1.017	207.893000000011
07-15-07:14:00	163	204.972	1.016	37.0169999999925	204.972	1.016	36.9990000000107
07-15-07:15:00	166	204.972	1.016	213.495999999985	204.972	1.016	213.476999999984
07-15-07:16:00	166	204.972	1.017	207.293999999994	204.972	1.017	207.274000000005
07-15-07:17:00	163	204.972	1.017	176.501000000018	204.972	1.017	176.486999999994
07-15-07:18:00	166	204.972	1.017	205.514999999985	204.972	1.017	205.496000000014
07-15-07:19:00	163	204.972	1.016	36.5070000000123	204.972	1.016	36.493999999977
07-15-07:20:00	166	204.972	1.016	208.160000000003	204.972	1.016	208.136000000028
07-15-07:21:00	164	204.972	1.017	204.889999999985	204.972	1.017	204.870999999985
07-15-07:22:00	167	204.972	1.017	177.629000000015	204.972	1.017	177.602000000014
07-15-07:23:00	166	204.972	1.017	207.283999999985	204.972	1.017	207.256999999983
07-15-07:24:00	163	204.972	1.016	37.3220000000147	204.972	1.016	37.304999999993
07-15-07:25:00	164	204.972	1.016	208.228000000003	204.972	1.016	208.207000000024
07-15-07:26:00	166	204.972	1.017	207.987999999983	204.972	1.017	207.967999999993
07-15-07:27:00	165	204.972	1.017	178.328000000009	204.972	1.017	178.310999999987
07-15-07:28:00	167	204.972	1.016	39.4679999999935	204.972	1.016	39.44200000001
07-15-07:29:00	164	204.972	1.016	209.032999999996	204.972	1.016	209.021999999997
07-15-07:30:00	164	204.972	1.016	215.581000000006	204.972	1.016	215.556000000011
07-15-07:31:00	168	204.972	1.017	202.171000000002	204.972	1.017	202.152999999991
07-15-07:32:00	163	204.972	1.017	177.173999999999	204.972	1.017	177.152999999991
07-15-07:33:00	166	204.972	1.017	206.626000000018	204.972	1.017	206.603000000003
07-15-07:34:00	163	204.972	1.016	35.9429999999993	204.972	1.016	35.9310000000114
07-15-07:35:00	166	204.972	1.016	207.198999999993	204.972	1.016	207.172999999981
07-15-07:36:00	164	204.972	1.017	203.479999999981	204.972	1.017	203.466000000015
07-15-07:37:00	167	204.972	1.017	179.345000000001	204.972	1.017	179.334000000003
07-15-07:38:00	168	204.972	1.017	206.621000000014	204.972	1.017	206.600000000006
07-15-07:39:00	159	204.972	1.016	36.2779999999912	204.972	1.016	36.2609999999986
07-15-07:40:00	166	204.972	1.016	211.592000000004	204.972	1.016	211.57699999999
07-15-07:41:00	168	204.972	1.017	210.837999999989	204.972	1.017	210.817999999999
07-15-07:42:00	163	204.972	1.017	177.572000000015	204.972	1.017	177.55799999999
07-15-07:43:00	166	204.972	1.017	207.676999999996	204.972	1.017	207.654999999999
07-15-07:44:00	163	204.972	1.016	37.2090000000026	204.972	1.016	37.189000000013
07-15-07:45:00	164	204.972	1.016	209.768000000011	204.972	1.016	209.741000000009
07-15-07:46:00	166	204.972	1.017	206.554999999993	204.972	1.017	206.532999999996
07-15-07:47:00	165	204.972	1.017	177.152999999991	204.972	1.017	177.133000000002
07-15-07:48:00	166	204.972	1.017	202.062999999995	204.972	1.017	202.036999999982
07-15-07:49:00	161	204.972	1.016	36.3209999999963	204.972	1.016	36.3090000000084
07-15-07:50:00	168	204.972	1.016	206.618000000017	204.972	1.016	206.597000000009
07-15-07:51:00	166	204.972	1.017	206.97099999999	204.972	1.017	206.95199999999
07-15-07:52:00	163	204.972	1.017	178.589999999997	204.972	1.017	178.562000000005
07-15-07:53:00	167	204.972	1.016	38.2570000000123	204.972	1.016	38.234999999986
07-15-07:54:00	164	204.972	1.016	212.130999999994	204.972	1.016	212.112000000023
07-15-07:55:00	162	204.972	1.016	206.140000000014	204.972	1.016	206.125
07-15-07:56:00	168	204.972	1.017	206.459999999992	204.972	1.017	206.442999999999
07-15-07:57:00	163	204.972	1.017	177.700000000012	204.972	1.017	177.680999999982
07-15-07:58:00	168	204.972	1.017	202.583999999973	204.972	1.017	202.566000000021
07-15-07:59:00	163	204.972	1.016	36.9860000000044	204.972	1.016	36.9769999999844
07-15-08:00:00	166	204.972	1.016	215.602000000014	204.972	1.016	215.578999999998
07-15-08:01:00	164	204.972	1.017	208.698000000004	204.972	1.017	208.684000000008
07-15-08:02:00	165	204.972	1.017	175.100000000006	204.972	1.017	175.071999999986
07-15-08:03:00	165	204.972	1.016	38.310999999987	204.972	1.016	38.2940000000235
07-15-08:04:00	164	204.972	1.016	209.008999999991	204.972	1.016	208.996999999974
07-15-08:05:00	164	204.972	1.016	211.198999999993	204.972	1.016	211.176000000007
07-15-08:06:00	166	204.972	1.017	205.720000000001	204.972	1.017	205.695999999996
07-15-08:07:00	163	204.972	1.017	176.626000000018	204.972	1.017	176.613000000012
07-15-08:08:00	167	204.972	1.016	38.6619999999821	204.972	1.016	38.6469999999972
07-15-08:09:00	162	204.972	1.016	209.312000000005	204.972	1.016	209.295000000013
07-15-08:10:00	167	204.972	1.016	211.760000000009	204.972	1.016	211.742999999988
07-15-08:11:00	165	204.972	1.017	203.742999999988	204.972	1.017	203.720000000001
07-15-08:12:00	165	204.972	1.017	178.402000000002	204.972	1.017	178.380999999994
07-15-08:13:00	168	204.972	1.017	204.102000000014	204.972	1.017	204.081999999995
07-15-08:14:00	161	204.972	1.016	35.6959999999963	204.972	1.016	35.6860000000161
07-15-08:15:00	166	204.972	1.016	210.915999999997	204.972	1.016	210.896999999997
07-15-08:16:00	168	204.972	1.017	204.163	204.972	1.017	204.142999999982
07-15-08:17:00	163	204.972	1.017	177.091000000015	204.972	1.017	177.070000000007
07-15-08:18:00	168	204.972	1.017	205.564999999973	204.972	1.017	205.545000000013
07-15-08:19:00	161	204.972	1.016	36.582000000024	204.972	1.016	36.5599999999977
07-15-08:20:00	166	204.972	1.016	210.455999999976	204.972	1.016	210.434000000008
07-15-08:21:00	166	204.972	1.017	205.913	204.972	1.017	205.889999999985
07-15-08:22:00	165	204.972	1.017	181.180000000022	204.972	1.017	181.171000000002
07-15-08:23:00	166	204.972	1.017	207.468999999983	204.972	1.017	207.45199999999
07-15-08:24:00	163	204.972	1.016	36.1549999999988	204.972	1.016	36.140000000014
07-15-08:25:00	166	204.972	1.016	207.94200000001	204.972	1.016	207.921000000002
07-15-08:26:00	164	204.972	1.017	200.410999999993	204.972	1.016	200.392999999982
07-15-08:27:00	165	204.972	1.017	173.733999999997	204.972	1.017	173.717000000004
07-15-08:28:00	168	204.972	1.017	208.076000000001	204.972	1.017	208.059999999998
07-15-08:29:00	159	204.972	1.016	36.2200000000012	204.972	1.016	36.2000000000116
07-15-08:30:00	164	204.972	1.016	206.926999999996	204.972	1.016	206.905999999988
07-15-08:31:00	168	204.972	1.017	204.835000000021	204.972	1.016	204.815000000002
07-15-08:32:00	163	204.972	1.017	176.497999999992	204.972	1.017	176.475999999995
07-15-08:33:00	166	204.972	1.017	206.006999999983	204.972	1.017	205.991000000009
07-15-08:34:00	163	204.972	1.016	37.6010000000242	204.972	1.016	37.5810000000056
07-15-08:35:00	166	204.972	1.016	206.679000000004	204.972	1.016	206.663
07-15-08:36:00	166	204.972	1.017	205.973999999987	204.972	1.016	205.962
07-15-08:37:00	165	204.972	1.017	182.314000000013	204.972	1.016	182.299999999988
07-15-08:38:00	167	204.972	1.016	38.6329999999725	204.972	1.016	38.6180000000168
07-15-08:39:00	160	204.972	1.016	207.976000000024	204.972	1.016	207.953000000009
07-15-08:40:00	168	204.972	1.016	204.30799999999	204.972	1.016	204.295999999973
07-15-08:41:00	166	204.972	1.017	205.934000000008	204.972	1.016	205.912000000011
07-15-08:42:00	163	204.972	1.017	177.337999999989	204.972	1.016	177.32699999999
07-15-08:43:00	166	204.972	1.017	207.252000000008	204.972	1.017	207.233000000007
07-15-08:44:00	163	204.972	1.016	37.5139999999956	204.972	1.016	37.5020000000077
07-15-08:45:00	166	204.972	1.016	209.127000000008	204.972	1.016	209.109999999986
07-15-08:46:00	164	204.972	1.016	197.668000000005	204.972	1.016	197.650000000023
07-15-08:47:00	165	204.972	1.017	174.189999999973	204.972	1.016	174.174999999988
07-15-08:48:00	168	204.972	1.017	203.395000000019	204.972	1.017	203.372999999992
07-15-08:49:00	159	204.972	1.016	34.8340000000026	204.972	1.016	34.8160000000207
07-15-08:50:00	168	204.972	1.016	208.058999999979	204.972	1.016	208.036999999982
07-15-08:51:00	166	204.972	1.016	201.419000000024	204.972	1.016	201.39499999999
07-15-08:52:00	163	204.972	1.016	177.930999999982	204.972	1.016	177.914000000019
07-15-08:53:00	167	204.972	1.016	38.0320000000065	204.972	1.015	38.0179999999818
07-15-08:54:00	164	204.972	1.016	210.478999999992	204.972	1.016	210.464000000007
07-15-08:55:00	162	204.972	1.016	219.31700000001	204.972	1.016	219.293000000005
07-15-08:56:00	168	204.972	1.016	208.888999999996	204.972	1.016	208.869000000006
07-15-08:57:00	164	204.972	1.015	7.25200000000768	204.972	1.015	7.237999999983
07-15-08:58:00	165	204.972	1.017	387.709999999992	204.972	1.017	387.69200000001
07-15-08:59:00	163	204.972	1.016	36.9940000000061	204.972	1.016	36.9759999999951
07-15-09:00:00	166	204.972	1.016	209.449999999983	204.972	1.016	209.432000000001
07-15-09:01:00	166	204.972	1.016	203.84600000002	204.972	1.016	203.827000000019
07-15-09:02:00	165	204.972	1.017	178.369000000006	204.972	1.016	178.348999999987
07-15-09:03:00	166	204.972	1.017	206.878999999986	204.972	1.017	206.859999999986
07-15-09:04:00	163	204.972	1.016	35.0959999999905	204.972	1.016	35.0780000000086
07-15-09:05:00	166	204.972	1.016	205.665000000008	204.972	1.016	205.641000000003
07-15-09:06:00	168	204.972	1.016	207.231999999989	204.972	1.016	207.209999999992
07-15-09:07:00	163	204.972	1.017	178.787000000011	204.972	1.016	178.770000000019
07-15-09:08:00	166	204.972	1.017	208.114000000001	204.972	1.017	208.092000000004
07-15-09:09:00	163	204.972	1.016	37.3360000000102	204.972	1.016	37.3269999999902
07-15-09:10:00	168	204.972	1.016	212.388999999996	204.972	1.016	212.366000000009
07-15-09:11:00	164	204.972	1.016	207.391999999993	204.972	1.016	207.376999999979
07-15-09:12:00	165	204.972	1.017	178.108999999997	204.972	1.016	178.083000000013
07-15-09:13:00	166	204.972	1.017	207.178000000014	204.972	1.017	207.155999999988
07-15-09:14:00	161	204.972	1.016	36.1319999999832	204.972	1.016	36.1130000000121
07-15-09:15:00	166	204.972	1.016	219.683000000019	204.972	1.016	219.657000000007
07-15-09:16:00	166	204.972	1.017	208.252999999997	204.972	1.016	208.234999999986
07-15-09:17:00	161	204.972	1.017	180.967999999993	204.972	1.017	180.956000000006
07-15-09:18:00	168	204.972	1.017	207.068999999989	204.972	1.017	207.046999999991
07-15-09:19:00	161	204.972	1.016	36.7140000000072	204.972	1.016	36.6940000000177
07-15-09:20:00	166	204.972	1.016	212.877999999997	204.972	1.016	212.850999999995
07-15-09:21:00	166	204.972	1.017	209.027000000002	204.972	1.017	209.002999999997
07-15-09:22:00	167	204.972	1.017	177.053000000014	204.972	1.017	177.032000000007
07-15-09:23:00	166	204.972	1.017	206.065999999992	204.972	1.017	206.03899999999
07-15-09:24:00	161	204.972	1.016	36.1389999999956	204.972	1.016	36.1309999999939
07-15-09:25:00	166	204.972	1.016	211.146999999997	204.972	1.016	211.126000000018
07-15-09:26:00	168	204.972	1.017	209.349000000017	204.972	1.016	209.331999999995
07-15-09:27:00	163	204.972	1.017	180.530999999988	204.972	1.017	180.513999999996
07-15-09:28:00	168	204.972	1.017	207.652999999991	204.972	1.017	207.641999999993
07-15-09:29:00	161	204.972	1.016	35.9020000000019	204.972	1.016	35.8880000000063
07-15-09:30:00	164	204.972	1.016	210.306000000011	204.972	1.016	210.285000000003
07-15-09:31:00	168	204.972	1.017	205.103000000003	204.972	1.016	205.087999999989
07-15-09:32:00	167	204.972	1.017	176.521000000008	204.972	1.017	176.508000000002
07-15-09:33:00	164	204.972	1.017	207.420999999973	204.972	1.017	207.402999999991
07-15-09:34:00	161	204.972	1.016	35.9770000000135	204.972	1.016	35.9590000000026
07-15-09:35:00	166	204.972	1.016	210.377999999997	204.972	1.016	210.358000000007
07-15-09:36:00	168	204.972	1.017	209.377999999997	204.972	1.017	209.358999999997
07-15-09:37:00	161	204.972	1.017	180.777999999991	204.972	1.017	180.754000000015
07-15-09:38:00	168	204.972	1.017	208.111000000004	204.972	1.017	208.089999999997
07-15-09:39:00	159	204.972	1.016	38.2419999999984	204.972	1.016	38.2200000000012
07-15-09:40:00	168	204.972	1.016	208.04700000002	204.972	1.016	208.027999999991
07-15-09:41:00	166	204.972	1.017	204.769	204.972	1.017	204.752000000008
07-15-09:42:00	165	204.972	1.017	175.34699999998	204.972	1.017	175.328000000009
07-15-09:43:00	162	204.972	1.017	203.031000000017	204.972	1.017	203.016999999993
07-15-09:44:00	163	204.972	1.016	35.3509999999951	204.972	1.016	35.3340000000026
07-15-09:45:00	166	204.972	1.016	209.135999999999	204.972	1.016	209.109999999986
07-15-09:46:00	164	204.972	1.017	202.687999999995	204.972	1.016	202.665999999997
07-15-09:47:00	167	204.972	1.017	177.539000000019	204.972	1.017	177.510000000009
07-15-09:48:00	168	204.972	1.017	205.118999999977	204.972	1.017	205.10500000001
07-15-09:49:00	161	204.972	1.016	36.082000000024	204.972	1.016	36.0689999999886
07-15-09:50:00	166	204.972	1.016	205.106	204.972	1.016	205.078000000009
07-15-09:51:00	166	204.972	1.016	205.338999999978	204.972	1.016	205.318999999989
07-15-09:52:00	165	204.972	1.017	177.74000000002	204.972	1.016	177.723999999987
07-15-09:53:00	166	204.972	1.017	205.486999999994	204.972	1.017	205.47100000002
07-15-09:54:00	163	204.972	1.016	35.2740000000049	204.972	1.016	35.2559999999939
07-15-09:55:00	166	204.972	1.016	208.687999999995	204.972	1.016	208.668999999994
07-15-09:56:00	166	204.972	1.016	205.190999999992	204.972	1.016	205.176000000007
07-15-09:57:00	165	204.972	1.017	175.201000000001	204.972	1.016	175.181000000011
07-15-09:58:00	164	204.972	1.017	207.195999999996	204.972	1.017	207.180999999982
07-15-09:59:00	163	204.972	1.016	35.801999999996	204.972	1.016	35.7900000000081
07-15-10:00:00	166	204.972	1.016	212.972000000009	204.972	1.016	212.953000000009
07-15-10:01:00	166	204.972	1.016	207.295000000013	204.972	1.016	207.275999999983
07-15-10:02:00	165	204.972	1.017	178.540999999997	204.972	1.016	178.526000000013
07-15-10:03:00	168	204.972	1.017	207.777999999991	204.972	1.017	207.755999999994
07-15-10:04:00	163	204.972	1.016	37.9629999999888	204.972	1.016	37.945000000007
07-15-10:05:00	166	204.972	1.016	208.339999999997	204.972	1.016	208.323000000004
07-15-10:06:00	164	204.972	1.016	202.323000000004	204.972	1.016	202.299999999988
07-15-10:07:00	164	204.972	1.015	7.33600000001024	204.972	1.015	7.31299999999464
07-15-10:08:00	169	204.972	1.017	381.575000000012	204.972	1.017	381.561000000016
07-15-10:09:00	161	204.972	1.016	36.1520000000019	204.972	1.016	36.1389999999956
07-15-10:10:00	166	204.972	1.016	209.652999999991	204.972	1.016	209.63499999998
07-15-10:11:00	168	204.972	1.016	205.22099999999	204.972	1.016	205.202000000019
07-15-10:12:00	163	204.972	1.016	176.301999999996	204.972	1.016	176.283999999985
07-15-10:13:00	166	204.972	1.017	207.220000000001	204.972	1.017	207.209000000003
07-15-10:14:00	165	204.972	1.016	36.1910000000207	204.972	1.016	36.1750000000175
07-15-10:15:00	162	204.972	1.016	206.091999999975	204.972	1.016	206.069999999978
07-15-10:16:00	168	204.972	1.016	201.033000000025	204.972	1.016	201.021999999997
07-15-10:17:00	163	204.972	1.016	170.22099999999	204.972	1.016	170.204000000027
07-15-10:18:00	166	204.972	1.017	206.67300000001	204.972	1.016	206.654999999999
07-15-10:19:00	163	204.972	1.016	38.5209999999788	204.972	1.016	38.5019999999786
07-15-10:20:00	212	204.972	1.016	254.850999999995	204.972	1.016	254.825000000012
07-15-10:21:00	309	204.972	1.017	449.526000000013	204.972	1.017	449.481999999989
07-15-10:22:00	208	204.972	1.017	271.782999999996	204.972	1.017	271.751000000018
07-15-10:23:00	166	204.972	1.017	207.853000000003	204.972	1.017	207.831999999995
07-15-10:24:00	163	204.972	1.017	36.7119999999995	204.972	1.017	36.6999999999825
07-15-10:25:00	164	204.972	1.017	209.200000000012	204.972	1.017	209.183000000019
07-15-10:26:00	168	204.972	1.017	203.233999999997	204.972	1.017	203.214000000007
07-15-10:27:00	164	204.972	1.017	177.065000000002	204.972	1.017	177.047999999981
07-15-10:28:00	167	204.972	1.017	207.255000000005	204.972	1.017	207.232000000018
07-15-10:29:00	163	204.972	1.017	36.5009999999893	204.972	1.017	36.4819999999891
07-15-10:30:00	166	204.972	1.017	210.385000000009	204.972	1.017	210.364999999991
07-15-10:31:00	164	204.972	1.017	203.171999999991	204.972	1.017	203.157000000007
07-15-10:32:00	165	204.972	1.017	179.69200000001	204.972	1.017	179.673999999999
07-15-10:33:00	172	204.972	1.016	46.4289999999746	204.972	1.016	46.4130000000005
07-15-10:34:00	160	204.972	1.017	209.707000000024	204.972	1.017	209.693999999989
07-15-10:35:00	168	204.972	1.017	214.357999999978	204.972	1.017	214.337
07-15-10:36:00	166	204.972	1.017	209.573000000004	204.972	1.017	209.54800000001
07-15-10:37:00	165	204.972	1.017	181.097999999998	204.972	1.017	181.080000000016
07-15-10:38:00	167	204.972	1.017	39.7870000000112	204.972	1.016	39.7679999999818
07-15-10:39:00	164	204.972	1.017	209.381999999983	204.972	1.017	209.35500000001
07-15-10:40:00	166	204.972	1.017	205.077000000019	204.972	1.017	205.057000000001
07-15-10:41:00	166	204.972	1.017	201.973999999987	204.972	1.017	201.956000000006
07-15-10:42:00	167	204.972	1.017	173.148000000016	204.972	1.017	173.127999999997
07-15-10:43:00	170	204.972	1.017	205.486999999994	204.972	1.017	205.457999999984
07-15-10:44:00	165	204.972	1.017	34.5909999999858	204.972	1.016	34.5750000000116
07-15-10:45:00	164	204.972	1.017	209	204.972	1.017	208.983000000007
07-15-10:46:00	166	204.972	1.017	207.507000000012	204.972	1.017	207.493999999977
07-15-10:47:00	167	204.972	1.017	177.989000000001	204.972	1.017	177.963000000018
07-15-10:48:00	164	204.972	1.017	205.282000000007	204.972	1.017	205.256999999983
07-15-10:49:00	163	204.972	1.017	36.1569999999774	204.972	1.016	36.13400000002
07-15-10:50:00	168	204.972	1.017	205.369000000006	204.972	1.017	205.350999999995
07-15-10:51:00	168	204.972	1.017	204.936000000016	204.972	1.017	204.910000000003
07-15-10:52:00	167	204.972	1.017	173.380000000005	204.972	1.017	173.358999999997
07-15-10:53:00	168	204.972	1.017	203.909999999974	204.972	1.017	203.889999999985
07-15-10:54:00	163	204.972	1.016	35.6960000000254	204.972	1.016	35.6820000000007
07-15-10:55:00	165	204.972	1.017	205.434999999998	204.972	1.017	205.418000000005
07-15-10:56:00	167	204.972	1.017	202.432000000001	204.972	1.017	202.42300000001
07-15-10:57:00	165	204.972	1.017	170.792999999976	204.972	1.017	170.771000000008
07-15-10:58:00	167	204.972	1.017	203.431000000011	204.972	1.017	203.396999999997
07-15-10:59:00	162	204.972	1.016	35.2309999999998	204.972	1.016	35.2119999999995
07-15-11:00:00	168	204.972	1.017	208.122999999992	204.972	1.016	208.103000000003
07-15-11:01:00	166	204.972	1.017	203.561000000016	204.972	1.017	203.540999999997
07-15-11:02:00	167	204.972	1.017	170.967999999993	204.972	1.017	170.953999999998
07-15-11:03:00	162	204.972	1.017	197.51999999999	204.972	1.017	197.498999999982
07-15-11:04:00	164	204.972	1.016	5.74600000001374	204.972	1.016	5.73300000000745
07-15-11:05:00	173	204.972	1.016	220.704999999987	204.972	1.016	220.690000000002
07-15-11:06:00	162	204.972	1.015	6.125	204.972	1.015	6.1140000000014
07-15-11:07:00	168	204.972	1.016	339.744999999995	204.972	1.016	339.728000000003
07-15-11:08:00	166	204.972	1.016	75.5930000000226	204.972	1.016	75.5719999999856
07-15-11:09:00	162	204.972	1.015	5.9309999999823	204.972	1.015	5.91300000000047
07-15-11:10:00	168	204.972	1.016	406.099000000017	204.972	1.016	406.076000000001
07-15-11:11:00	162	204.972	1.015	6.11900000000605	204.972	1.015	6.10300000000279